================== SETTINGS ==================
L =  64 

K =  0.4406867935097715 

h =  0 

b =  2 

nwarm =  2000 

nmeas =  4000 

interval =  10 

ndata =  400 

================== RESULTS ===================
avg cluster size =  0.37045125325520833 * 4096 

MatA_even (lhs) =  [[ 11628.6364  14767.2624   6691.0872  18236.1626  38975.5616   8324.647
   22100.6524]
 [ 14767.2624  19287.3984   8313.7952  23741.3416  51018.0656  10876.012
   29032.8384]
 [  6691.0872   8313.7952   4131.6656  10259.8948  21791.8768   4767.526
   12314.0552]
 [ 18236.1626  23741.3416  10259.8948  29934.1359  64075.5744  13235.4305
   36618.4466]
 [ 38975.5616  51018.0656  21791.8768  64075.5744 138415.1904  28397.248
   79272.2256]
 [  8324.647   10876.012    4767.526   13235.4305  28397.248    6562.9775
   16066.347 ]
 [ 22100.6524  29032.8384  12314.0552  36618.4466  79272.2256  16066.347
   45877.7084]] 

MatC_even (rhs) =  [[ 22551.3788  31235.6066  11784.4014  38878.0316  85119.6128  17036.2748
   49684.4822]
 [ 28941.5408  40259.9656  15042.6424  50208.2656 110288.2448  21991.1168
   64812.4152]
 [ 12800.0824  17688.7668   6758.0172  22001.9368  48074.1744   9718.1704
   27901.1356]
 [ 35579.6642  49541.3219  18507.6101  62156.5794 136416.3352  26951.6882
   80435.6673]
 [ 76071.1472 106078.6304  39577.4816 133032.7104 292374.8432  57748.7712
  172779.8768]
 [ 16143.939   22534.9805   8350.8395  28081.763   61724.644   12422.059
   36196.5935]
 [ 43197.8508  60257.0106  22541.9574  75658.2956 166317.3648  32782.3468
   98487.0702]] 

MatA_odd (lhs) =  [[ 480734.726975 1582639.3693   1522463.1173    787886.7915  ]
 [1582639.3693   5217091.8524   5019139.9964   2596909.562   ]
 [1522463.1173   5019139.9964   4830650.8604   2498714.042   ]
 [ 787886.7915   2596909.562    2498714.042    1293106.39    ]] 

MatC_odd (rhs) =  [[ 1770478.279725  5871394.0225    5623552.4345    2936775.80175 ]
 [ 5828078.5863   19331617.95     18518692.046     9669426.349   ]
 [ 5606542.9743   18597189.87     17815506.046     9302083.349   ]
 [ 2901555.8865    9624349.81      9219610.21      4814032.395   ]] 

y_t array =  [0.95553371+0.j 1.01238273+0.j 1.0162052 +0.j 1.0095299 +0.j
 0.99893188+0.j 1.00059832+0.j 1.00514113+0.j] 

y_h array =  [1.88082622+0.j 1.87990236+0.j 1.87966502+0.j 1.88111619+0.j] 

