======================= SETTINGS =======================
L =  32
K =  0.44068679351
h =  0
b =  2
layer =  2
nwarm =  10000
nmeas =  300000
interval =  10
ndata =  30000 

======================== RESULTS ========================
Mean Wolff cluster size =  0.459251795615 * 1024 

y_t array =  [ 0.95849486+0.j  0.99941391+0.j  1.00108968+0.j  0.99598412+0.j
  0.99313707+0.j  0.99296840+0.j  0.99400323+0.j] 

y_h array =  [ 1.87488614+0.j  1.87557422+0.j  1.87562011+0.j  1.87575208+0.j] 

======================= SANITY CHECK ====================
MatA_even (lhs) =  [[  410.27869696   492.39169963   256.16124331   576.25225899
   1203.54617515   295.64047189   649.51605931]
 [  492.39169963   619.80522452   298.27374508   721.66844876
   1519.29143204   370.393379     824.41382775]
 [  256.16124331   298.27374508   177.09991465   345.79755444
    718.36317276   184.9290466    385.10052532]
 [  576.25225899   721.66844876   345.79755444   879.326173    1832.37849394
    421.12686174   999.92962644]
 [ 1203.54617515  1519.29143204   718.36317276  1832.37849394
   3888.18645646   881.17590706  2130.90138076]
 [  295.64047189   370.393379     184.9290466    421.12686174
    881.17590706   245.90163838   472.75128926]
 [  649.51605931   824.41382775   385.10052532   999.92962644
   2130.90138076   472.75128926  1193.17220265]] 

MatC_even (rhs) =  [[  797.28698027  1046.7833344    447.26156459  1320.33412779
   2829.38314581   567.06689536  1611.97572779]
 [  969.54610693  1279.47150773   542.97979214  1619.88057534
   3495.78438048   691.0428158   2014.56275312]
 [  492.71062907   644.02103627   278.45526706   807.97851586
   1723.43299765   354.21104446   972.81847141]
 [ 1131.7898712   1494.1350448    634.75359708  1908.58555148
   4116.68795083   802.50478068  2382.09564037]
 [ 2368.65749013  3130.17273387  1328.12052452  3997.91187278
   8640.31658624  1679.99951879  5018.97551723]
 [  582.3338696    767.3933584    326.39006556   963.72126743
   2076.02473995   421.44565652  1188.10575632]
 [ 1279.90618907  1693.06207627   717.32196572  2165.77266786
   4688.03827232   907.44016713  2734.29449008]] 

MatA_odd (lhs) =  [[  2627.36912618   8752.50317975   8471.94016416   4358.26583495]
 [  8752.50317975  29622.47781198  28710.28551211  14738.92223545]
 [  8471.94016416  28710.28551211  27934.30809003  14306.48489131]
 [  4358.26583495  14738.92223545  14306.48489131   7359.69794958]] 

MatC_odd (rhs) =  [[   9636.47189209   31756.13622757   30535.4235528    15817.30139392]
 [  32083.93728517  106094.72803349  102218.35438187   52855.03962795]
 [  31053.58267829  102720.79314304   99000.2909888    51177.00178432]
 [  15978.15698304   52830.33659563   50903.75578453   26322.83719168]] 

=========================== END =========================






======================= SETTINGS =======================
L =  32
K =  0.44068679351
h =  0
b =  2
layer =  2
nwarm =  10000
nmeas =  300000
interval =  10
ndata =  30000 

======================== RESULTS ========================
Mean Wolff cluster size =  0.458149855091 * 1024 

y_t array =  [ 0.94959381+0.j  0.99606212+0.j  0.99722031+0.j  0.99461442+0.j
  0.99435320+0.j  0.99436365+0.j  0.99127431+0.j] 

y_h array =  [ 1.87502770+0.j  1.87578328+0.j  1.87575556+0.j  1.87584492+0.j] 

======================= SANITY CHECK ====================
MatA_even (lhs) =  [[  411.53811733   494.90064373   257.5669264    578.0074864   1207.06456107
    295.33886027   652.14884   ]
 [  494.90064373   624.0201698    300.58669495   724.61539984
   1526.52957575   371.10860372   829.38257733]
 [  257.5669264    300.58669495   178.340093     348.35806011   723.1302058
    185.13248567   388.02513733]
 [  578.0074864    724.61539984   348.35806011   881.21331611
   1836.43522624   421.24291856  1003.483204  ]
 [ 1207.06456107  1526.52957575   723.1302058   1836.43522624  3898.9177546
    881.78641287  2139.335984  ]
 [  295.33886027   371.10860372   185.13248567   421.24291856
    881.78641287   245.159869     473.91412933]
 [  652.14884      829.38257733   388.02513733  1003.483204    2139.335984
    473.91412933  1199.33803333]] 

MatC_even (rhs) =  [[  794.81542507  1048.28798347   442.92488907  1321.59222667
   2837.67640693   564.75891573  1616.5907712 ]
 [  969.85008971  1285.2126883    539.73541922  1625.582196    3514.99698949
    691.20808411  2024.61248228]
 [  492.44941131   646.83942039   276.4404546    811.03670267
   1733.28056923   353.20051504   978.78430663]
 [ 1129.69854731  1498.05011461   628.97399504  1911.374636    4130.98344656
    801.37601104  2389.19417685]
 [ 2365.83382144  3140.41947399  1317.23009273  4006.22572267
   8675.94732309  1679.86753984  5036.85406236]
 [  578.09592736   764.79785694   322.5995374    960.12723067
   2073.33685211   418.35147696  1186.52218937]
 [ 1279.57269067  1700.21401467   712.444364    2173.5877      4713.43932933
    907.905964    2746.72616533]] 

MatA_odd (lhs) =  [[  2623.84749163   8750.1902176    8462.52110059   4354.60157792]
 [  8750.1902176   29640.44038933  28705.0398752   14740.3271152 ]
 [  8462.52110059  28705.0398752   27910.49670251  14297.51759051]
 [  4354.60157792  14740.3271152   14297.51759051   7356.8152674 ]] 

MatC_odd (rhs) =  [[   9624.49981269   31733.45867947   30517.77555093   15801.09131573]
 [  32077.86174827  106113.36610133  102246.42678933   52848.43287733]
 [  31022.17736939  102658.0947456    98949.74040853   51130.16339147]
 [  15965.59222894   52808.74235449   50888.29009298   26303.51960702]] 

=========================== END =========================






======================= SETTINGS =======================
L =  32
K =  0.44068679351
h =  0
b =  2
layer =  2
nwarm =  10000
nmeas =  300000
interval =  10
ndata =  30000 

======================== RESULTS ========================
Mean Wolff cluster size =  0.458153414819 * 1024 

y_t array =  [ 0.94873053+0.j  0.99086769+0.j  0.99221055+0.j  0.98627138+0.j
  0.98632458+0.j  0.98603137+0.j  0.98807416+0.j] 

y_h array =  [ 1.87435989+0.j  1.87508722+0.j  1.87512889+0.j  1.87526539+0.j] 

======================= SANITY CHECK ====================
MatA_even (lhs) =  [[  416.1912418    497.93634855   259.48304814   583.64111678
   1217.00584684   298.4441362    657.0429941 ]
 [  497.93634855   625.57796686   301.4676933    727.9170918   1531.63210329
    374.21398162   831.27341348]
 [  259.48304814   301.4676933    179.33565092   350.7515627    726.49802364
    186.67076334   389.57475634]
 [  583.64111678   727.9170918    350.7515627    886.93228286
   1845.76691671   425.45093705  1006.83469586]
 [ 1217.00584684  1531.63210329   726.49802364  1845.76691671
   3913.75727956   890.12659084  2143.56983876]
 [  298.4441362    374.21398162   186.67076334   425.45093705
    890.12659084   248.20016126   477.8797333 ]
 [  657.0429941    831.27341348   389.57475634  1006.83469586
   2143.56983876   477.8797333   1199.25033465]] 

MatC_even (rhs) =  [[  803.3213027   1054.75324268   449.81139248  1329.45287573
   2848.23138203   570.81908786  1622.15305758]
 [  974.05116732  1285.78719833   544.37366155  1626.0756544   3508.98490549
    694.52458937  2021.1687366 ]
 [  496.0550714    648.85163303   279.92161184   813.8060992   1735.25542688
    356.03703708   979.5150091 ]
 [ 1137.71799668  1502.212067     636.22076912  1916.4218656   4132.52977584
    806.92195463  2389.4228114 ]
 [ 2379.37969591  3144.58041129  1330.75203813  4010.92649067  8667.4712136
   1688.65700302  5030.72719138]
 [  584.51350484   770.67059042   327.10644795   967.2016864   2084.01098363
    423.35673266  1192.96772585]
 [ 1286.56682108  1701.68798788   719.47065931  2174.08733653
   4704.90537248   912.61969166  2740.31677692]] 

MatA_odd (lhs) =  [[  2620.45055993   8729.25773973   8444.04461931   4344.45816665]
 [  8729.25773973  29544.00915733  28618.56572907  14693.25773493]
 [  8444.04461931  28618.56572907  27833.15856491  14254.45708149]
 [  4344.45816665  14693.25773493  14254.45708149   7333.61169833]] 

MatC_odd (rhs) =  [[   9607.59131767   31665.28299947   30445.00665863   15764.61988092]
 [  31985.63584293  105778.40951467  101902.99578987   52673.75398347]
 [  30938.46849563  102351.92191147   98634.66710165   50970.80990901]
 [  15921.31277775   52646.9800832    50722.40171132   26219.13104023]] 

=========================== END =========================






======================= SETTINGS =======================
L =  32
K =  0.44068679351
h =  0
b =  2
layer =  2
nwarm =  10000
nmeas =  300000
interval =  10
ndata =  30000 

======================== RESULTS ========================
Mean Wolff cluster size =  0.460210969002 * 1024 

y_t array =  [ 0.95118222+0.j  0.99629140+0.j  0.99805346+0.j  0.99618520+0.j
  0.99752981+0.j  0.99732253+0.j  1.00021116+0.j] 

y_h array =  [ 1.87481983+0.j  1.87571881+0.j  1.87574461+0.j  1.87580984+0.j] 

======================= SANITY CHECK ====================
MatA_even (lhs) =  [[  409.45252971   492.31231872   255.83771947   575.71316971
   1201.10325963   295.41762155   650.05815211]
 [  492.31231872   620.77104896   298.3538304    721.74730539
   1519.59135595   371.61843584   826.61309525]
 [  255.83771947   298.3538304    177.07698489   346.02634169
    717.44931164   184.84367716   385.85955413]
 [  575.71316971   721.74730539   346.02634169   878.4930986   1830.10613074
    422.21899044  1001.00972544]
 [ 1201.10325963  1519.59135595   717.44931164  1830.10613074
   3883.55427326   883.3554549   2132.53319723]
 [  295.41762155   371.61843584   184.84367716   422.21899044   883.3554549
    246.69492558   475.22166101]
 [  650.05815211   826.61309525   385.85955413  1001.00972544
   2132.53319723   475.22166101  1196.05085184]] 

MatC_even (rhs) =  [[  791.65860512  1041.38813365   443.94941771  1311.86924427  2815.4073392
    565.42703968  1605.5146816 ]
 [  965.88084416  1276.59294443   541.13656939  1614.1937568   3487.44575893
    691.16604224  2011.02896213]
 [  489.01921173   640.55980907   276.0964128    802.57927644
   1714.39881067   353.09716871   968.50273422]
 [ 1127.29372512  1489.49498699   632.01259104  1900.71782204  4103.9021392
    802.41183079  2375.97103716]
 [ 2359.42212955  3120.23101435  1322.94920496  3980.57431796
   8612.69757413  1679.95930121  5006.17933618]
 [  579.80341664   765.58421771   325.14855755   959.93073831
   2071.45056907   421.56830674  1186.43487076]
 [ 1279.40889899  1693.65240619   717.29172011  2164.43050027  4688.6814912
    909.81170048  2735.4875776 ]] 

MatA_odd (lhs) =  [[  2624.63794752   8752.26387884   8466.47222315   4357.22312591]
 [  8752.26387884  29645.90570489  28716.80052053  14748.67362756]
 [  8466.47222315  28716.80052053  27925.07913557  14307.6996224 ]
 [  4357.22312591  14748.67362756  14307.6996224    7363.17434622]] 

MatC_odd (rhs) =  [[   9626.01224282   31706.45147995   30492.6165642    15786.48783444]
 [  32079.09090116  106018.23727253  102159.72656071   52796.92908889]
 [  31029.63912619  102585.85112064   98884.94746965   51089.97258667]
 [  15971.75618409   52778.3682064    50860.74740764   26286.41725556]] 

=========================== END =========================






======================= SETTINGS =======================
L =  32
K =  0.44068679351
h =  0
b =  2
layer =  2
nwarm =  10000
nmeas =  300000
interval =  10
ndata =  30000 

======================== RESULTS ========================
Mean Wolff cluster size =  0.459700604839 * 1024 

y_t array =  [ 0.95485370+0.j  1.00078862+0.j  1.00260735+0.j  1.00608490+0.j
  1.00647550+0.j  1.00600558+0.j  1.00622973+0.j] 

y_h array =  [ 1.87447381+0.j  1.87548856+0.j  1.87547006+0.j  1.87563137+0.j] 

======================= SANITY CHECK ====================
MatA_even (lhs) =  [[  414.1822754    495.68099484   258.2452304    580.58719067  1208.9985605
    298.5320402    653.047785  ]
 [  495.68099484   622.10484622   299.91835733   724.72144     1522.59206542
    373.65381618   827.16290418]
 [  258.2452304    299.91835733   178.483824     348.40964      720.9872832
    186.45258507   386.7412064 ]
 [  580.58719067   724.72144      348.40964      882.06656667
   1834.61872533   425.469604    1001.91925067]
 [ 1208.9985605   1522.59206542   720.9872832   1834.61872533
   3887.75187598   888.5443589   2132.60746396]
 [  298.5320402    373.65381618   186.45258507   425.469604     888.5443589
    248.38672766   477.45199513]
 [  653.047785     827.16290418   386.7412064   1001.91925067
   2132.60746396   477.45199513  1194.7382186 ]] 

MatC_even (rhs) =  [[  802.84390329  1051.75873755   448.89401058  1324.09083701
   2836.48901323   567.94091751  1613.4410408 ]
 [  975.10530844  1283.6017728    544.09365689  1621.2689408   3497.11236693
    691.29887289  2011.48711467]
 [  495.01659733   645.6365328    279.39403467   808.82016747
   1724.12882027   353.73385067   972.267448  ]
 [ 1141.29157333  1502.627068     637.54584667  1913.48638133  4125.096616
    805.22830667  2381.68498   ]
 [ 2382.66866631  3140.69906837  1329.83349796  3998.82607744
   8639.96372181  1682.24878009  5008.41213973]
 [  587.13960462   771.90146448   328.51475991   967.75271328
   2084.57552309   422.27339218  1191.48395013]
 [ 1289.42277262  1701.07078475   718.76527591  2170.28308288
   4695.44335296   910.04980018  2732.12535947]] 

MatA_odd (lhs) =  [[  2640.05550929   8815.77324357   8531.67036112   4386.88743717]
 [  8815.77324357  29897.52219812  28973.2126075   14869.49004096]
 [  8531.67036112  28973.2126075   28186.85284686  14431.61877781]
 [  4386.88743717  14869.49004096  14431.61877781   7421.00761536]] 

MatC_odd (rhs) =  [[   9680.2350072    31893.37617349   30683.85453131   15883.36798219]
 [  32303.59949902  106785.63131726  102938.68913394   53193.17838777]
 [  31261.09924729  103375.83674574   99683.71242652   51497.27524366]
 [  16077.20616213   53142.93109397   51233.00265856   26475.62766208]] 

=========================== END =========================






