======================= SETTINGS =======================
L =  8
K =  0.44068679351
h =  0
b =  2
nwarm =  5000
nmeas =  300000
interval =  10
ndata =  30000 

======================== RESULTS ========================
avg cluster size =  0.651621413934 * 64 

y_t array =  [ 0.88414163+0.j  0.96159452+0.j  0.96350320+0.j  0.95575841+0.j
  0.95303361+0.j  0.95298291+0.j  0.95009188+0.j] 

y_h array =  [ 1.87765942+0.j  1.88054218+0.j  1.88029513+0.j  1.88086406+0.j] 

======================= SANITY CHECK ====================
MatA_even (lhs) =  [[  68.15601892   79.68700928   45.10981575   83.17467079  175.25282873
    51.2514725    91.70757063]
 [  79.68700928   99.08850944   50.69998805  101.05604864  218.17063765
    62.59648256  115.12823296]
 [  45.10981575   50.69998805   33.69434958   53.08091321  109.7590966
    34.82553017   56.78207204]
 [  83.17467079  101.05604864   53.08091321  110.50153273  227.60484636
    64.67559225  119.45041465]
 [ 175.25282873  218.17063765  109.7590966   227.60484636  499.73052985
   134.60771612  265.28979399]
 [  51.2514725    62.59648256   34.82553017   64.67559225  134.60771612
    46.82074766   69.6626506 ]
 [  91.70757063  115.12823296   56.78207204  119.45041465  265.28979399
    69.6626506   150.07155086]] 

MatC_even (rhs) =  [[  125.79325838   174.77257415    65.46995001   208.70023196
    452.92571762    98.84415004   252.7412864 ]
 [  149.50114368   209.02271125    77.31345643   250.57291029
    549.17663765   117.4203488    311.1304672 ]
 [   82.39021628   113.66744452    43.60090599   134.76334404
    290.06254105    65.75932996   159.66976693]
 [  154.89513052   216.23834574    80.17301767   261.74074532
    570.66062414   121.42962169   322.43002987]
 [  328.70619193   459.94787954   169.83622884   555.37649266
   1218.45515207   257.28674418   695.3570816 ]
 [   95.9304581    133.56936697    50.02722268   159.09903993   346.6914939
     76.89851342   193.8368928 ]
 [  172.2719269    241.25935417    89.04721095   291.58124686
    641.43397177   134.71018809   368.4088448 ]] 

MatA_odd (lhs) =  [[  194.98356265   675.68749749   663.02461856   337.54021764]
 [  675.68749749  2461.70010389  2424.58646763  1225.69193195]
 [  663.02461856  2424.58646763  2412.87223403  1212.70084715]
 [  337.54021764  1225.69193195  1212.70084715   617.80316153]] 

MatC_odd (rhs) =  [[  716.52246127  2401.44725415  2316.17271356  1200.88264366]
 [ 2476.82464656  8391.31062464  8148.58051392  4196.69017237]
 [ 2430.20558363  8241.86769557  8011.48692672  4122.23747264]
 [ 1238.27669772  4193.19854343  4072.20039474  2098.01156174]] 







======================= SETTINGS =======================
L =  8
K =  0.44068679351
h =  0
b =  2
nwarm =  5000
nmeas =  300000
interval =  10
ndata =  30000 

======================== RESULTS ========================
avg cluster size =  0.648461577869 * 64 

y_t array =  [ 0.87760574+0.j  0.95757561+0.j  0.95861403+0.j  0.95776500+0.j
  0.95015892+0.j  0.94979524+0.j  0.95239590+0.j] 

y_h array =  [ 1.87533767+0.j  1.87813396+0.j  1.87811169+0.j  1.87850202+0.j] 

======================= SANITY CHECK ====================
MatA_even (lhs) =  [[  69.42817065   80.56838974   45.62371956   84.45143044  176.22554588
    51.6806006    91.7612038 ]
 [  80.56838974   99.51073193   51.05351689  101.93625732  218.01668999
    62.87548743  114.46017383]
 [  45.62371956   51.05351689   33.83545556   53.49165422  109.99166044
    34.97106844   56.79534844]
 [  84.45143044  101.93625732   53.49165422  112.04025166  228.60915783
    65.14586652  119.34041479]
 [ 176.22554588  218.01668999  109.99166044  228.60915783  497.12619492
   135.0136906   262.44577806]
 [  51.6806006    62.87548743   34.97106844   65.14586652  135.0136906
    46.78442212   69.95023332]
 [  91.7612038   114.46017383   56.79534844  119.34041479  262.44577806
    69.95023332  147.42813518]] 

MatC_even (rhs) =  [[  127.56201618   176.84821764    67.18922923   211.10968028
    457.19783081    99.716681     254.44221591]
 [  150.47741458   210.04524505    78.62641579   251.74111879   550.3011074
    117.9016491    310.94874071]
 [   83.03773778   114.46786756    44.45211733   135.65128711
    291.72901022    66.08003822   160.30399778]
 [  156.74822364   218.3068586     82.09878528   263.81671836
    574.22280452   122.37184761   323.69666684]
 [  329.00060516   459.61787463   171.70630997   554.80826852
   1214.67785692   257.18787314   691.74395342]
 [   96.35968996   134.06342172    50.69222229   159.61082766   347.0924645
     77.09389682   193.98693902]
 [  171.77477796   240.12480732    89.55768149   290.24432313   636.7785589
    134.02473095   364.69600836]] 

MatA_odd (lhs) =  [[  195.08715765   676.45246162   664.16633492   338.07738456]
 [  676.45246162  2467.74913678  2431.64979868  1229.21095104]
 [  664.16633492  2431.64979868  2420.20948985  1216.24473483]
 [  338.07738456  1229.21095104  1216.24473483   619.78733936]] 

MatC_odd (rhs) =  [[  715.75035467  2398.96220629  2311.97918466  1198.84405665]
 [ 2475.80602926  8387.77542997  8140.32977081  4192.73027762]
 [ 2430.45250327  8241.96247723  8006.11064412  4120.04123225]
 [ 1238.15692669  4192.60148309  4068.97037728  2096.54521189]] 







======================= SETTINGS =======================
L =  8
K =  0.44068679351
h =  0
b =  2
nwarm =  5000
nmeas =  300000
interval =  10
ndata =  30000 

======================== RESULTS ========================
avg cluster size =  0.647807889344 * 64 

y_t array =  [ 0.88792931+0.j  0.96106931+0.j  0.96229792+0.j  0.96406682+0.j
  0.97177861+0.j  0.97150915+0.j  0.96679927+0.j] 

y_h array =  [ 1.87761463+0.j  1.88022681+0.j  1.88029060+0.j  1.88067705+0.j] 

======================= SANITY CHECK ====================
MatA_even (lhs) =  [[  69.2302178    80.79696629   45.1417952    84.56108978  177.86495143
    51.79632028   92.39231836]
 [  80.79696629  100.56633451   50.64936747  102.53991467  221.36107328
    63.43018069  116.13030101]
 [  45.1417952    50.64936747   33.38062933   53.19669333  109.90058027
    34.7103232    56.52817493]
 [  84.56108978  102.53991467   53.19669333  112.16195556  230.76237156
    65.40588089  120.21298489]
 [ 177.86495143  221.36107328  109.90058027  230.76237156  506.87657465
   136.65817401  267.65664612]
 [  51.79632028   63.43018069   34.7103232    65.40588089  136.65817401
    47.35218233   70.64324494]
 [  92.39231836  116.13030101   56.52817493  120.21298489  267.65664612
    70.64324494  150.41515492]] 

MatC_even (rhs) =  [[  128.11177646   177.42474398    67.49527952   212.51415369
    459.80380402    99.93886391   256.28301824]
 [  151.91846763   212.01523637    79.45201675   255.00920587
    557.33275563   118.99315787   315.56125696]
 [   82.7455552    113.71559147    44.3771296    135.31257067
    290.38784853    65.53641067   159.6938752 ]
 [  158.00255644   219.86379911    82.80764267   266.51881778
    579.20086756   123.17632889   326.509312  ]
 [  334.72394076   467.22818279   174.89625803   565.38134418
   1237.32941454   261.44390596   705.24771499]
 [   97.29032562   135.02084594    51.58351232   161.52574791
    350.80738873    77.67133369   196.10610517]
 [  174.10145436   243.41910919    90.73535083   294.71234951
    646.75687481   135.98763129   371.01085525]] 

MatA_odd (lhs) =  [[  193.97795193   671.33128277   658.08823986   335.08850418]
 [  671.33128277  2442.70932651  2404.23786155  1215.6405504 ]
 [  658.08823986  2404.23786155  2391.54261838  1202.19423502]
 [  335.08850418  1215.6405504   1202.19423502   612.77417956]] 

MatC_odd (rhs) =  [[  712.80492672  2390.14343559  2303.73512142  1194.84402308]
 [ 2461.04680192  8341.78010795  8093.63503787  4170.88067072]
 [ 2411.99270144  8184.93156985  7949.42605618  4093.09781415]
 [ 1229.03926187  4164.01061902  4040.95444978  2083.29570098]] 







======================= SETTINGS =======================
L =  8
K =  0.44068679351
h =  0
b =  2
nwarm =  5000
nmeas =  300000
interval =  10
ndata =  30000 

======================== RESULTS ========================
avg cluster size =  0.646678790984 * 64 

y_t array =  [ 0.88744171+0.j  0.96280448+0.j  0.96444435+0.j  0.97202061+0.j
  0.96375820+0.j  0.96337055+0.j  0.95515560+0.j] 

y_h array =  [ 1.87754434+0.j  1.88028642+0.j  1.88028563+0.j  1.88071465+0.j] 

======================= SANITY CHECK ====================
MatA_even (lhs) =  [[  69.5455146    81.01365796   45.59417536   84.74156636  178.14936164
    51.91110308   92.9823515 ]
 [  81.01365796  100.46689956   51.13582827  102.61717298  221.04690702
    63.27142009  116.26363236]
 [  45.59417536   51.13582827   33.85727424   53.67514261  110.97147605
    34.98753301   57.30870485]
 [  84.74156636  102.61717298   53.67514261  112.38763172  230.91171228
    65.54660274  120.78493255]
 [ 178.14936164  221.04690702  110.97147605  230.91171228  505.83227705
   136.27812793  267.36983012]
 [  51.91110308   63.27142009   34.98753301   65.54660274  136.27812793
    46.99697998   70.45206286]
 [  92.9823515   116.26363236   57.30870485  120.78493255  267.36983012
    70.45206286  150.37323918]] 

MatC_even (rhs) =  [[  128.65175065   177.93351957    67.52757675   213.38179399
    461.22227339   100.2253573    256.69739513]
 [  152.30276782   212.0797344     79.29545813   255.45240391
    557.29974987   118.82836231   314.87582329]
 [   83.52489184   114.71854016    44.65647872   136.56438059
    293.05931915    66.20568768   160.96515349]
 [  158.49788092   220.16253419    82.75359317   267.36933646
    580.49397323   123.11631652   326.80473863]
 [  334.77448441   466.47516715   173.97359616   565.7233462   1236.05719744
    260.51268082   703.2025627 ]
 [   97.60401177   135.31996779    51.30959104   161.75521522
    351.29792736    77.88175154   196.09621668]
 [  174.67062521   243.67619968    90.46880256   295.8611766    647.99693504
    135.84650908   370.69479524]] 

MatA_odd (lhs) =  [[  194.76185556   675.70886044   662.99861333   337.46093511]
 [  675.70886044  2464.21764665  2427.3515008   1226.98995086]
 [  662.99861333  2427.3515008   2416.11793067  1214.1978112 ]
 [  337.46093511  1226.98995086  1214.1978112    618.66556985]] 

MatC_odd (rhs) =  [[  715.65064622  2400.63634844  2315.38150756  1200.57855733]
 [ 2477.10859975  8401.16466233  8156.7689125   4201.11919531]
 [ 2430.08687787  8250.75606187  8018.8261376   4125.9962112 ]
 [ 1237.80843207  4196.22086372  4075.01750386  2099.19321429]] 







======================= SETTINGS =======================
L =  8
K =  0.44068679351
h =  0
b =  2
nwarm =  5000
nmeas =  300000
interval =  10
ndata =  30000 

======================== RESULTS ========================
avg cluster size =  0.646165471311 * 64 

y_t array =  [ 0.88206844+0.j  0.95172720+0.j  0.95032873+0.j  0.94916242+0.j
  0.93761190+0.j  0.93724699+0.j  0.93409742+0.j] 

y_h array =  [ 1.87493716+0.j  1.87759122+0.j  1.87771956+0.j  1.87812502+0.j] 

======================= SANITY CHECK ====================
MatA_even (lhs) =  [[  69.54260132   81.30040206   45.46969778   85.24131193  178.0207227
    51.60478969   91.88562752]
 [  81.30040206  101.10075278   51.10759111  103.32630158  221.49372388
    62.98423609  115.26831701]
 [  45.46969778   51.10759111   33.66075556   53.77865778  110.46473778
    34.78617778   56.46744   ]
 [  85.24131193  103.32630158   53.77865778  113.78607438  232.08707748
    65.31182542  120.25219008]
 [ 178.0207227   221.49372388  110.46473778  232.08707748  505.1521706
   135.41338062  264.80766229]
 [  51.60478969   62.98423609   34.78617778   65.31182542  135.41338062
    46.71841956   69.52814827]
 [  91.88562752  115.26831701   56.46744     120.25219008  264.80766229
    69.52814827  148.39179371]] 

MatC_even (rhs) =  [[  128.16811289   177.51421497    67.22519076   212.56718802   461.14844
     99.32791428   256.79015097]
 [  152.06690489   212.11390094    79.08629902   254.8621686    558.38149333
    118.01948004   315.74212494]
 [   83.21024444   114.42087111    44.48511111   136.02850222
    292.68766667    65.73288444   160.78700444]
 [  158.40865156   220.29131321    82.70036302   267.47071207
    582.41449333   122.38287044   328.23639054]
 [  332.49317422   464.38110606   172.60345849   562.28123196  1233.15732
    257.51872878   702.8257674 ]
 [   96.50420889   133.81822862    50.83877156   159.85775698
    348.01206667    76.40546649   194.43417529]
 [  171.76251467   240.23574016    89.0455904    291.61361781
    640.77961333   133.24830944   367.59427883]] 

MatA_odd (lhs) =  [[  194.38767712   673.4315413    660.80030169   336.22774915]
 [  673.4315413   2453.66782606  2416.62642204  1221.06469483]
 [  660.80030169  2416.62642204  2405.52788622  1208.8389024 ]
 [  336.22774915  1221.06469483  1208.8389024    615.66970651]] 

MatC_odd (rhs) =  [[  712.98608914  2386.0153963   2299.57092446  1192.89984186]
 [ 2464.56174734  8339.06216647  8091.79057052  4169.61282425]
 [ 2417.83481458  8189.50639929  7954.54915342  4095.28768818]
 [ 1231.09025088  4163.59880597  4040.76832459  2082.79255931]] 







