================== SETTINGS ==================
L =  8 

K =  0.44068679351 

h =  0 

b =  2 

nwarm =  10000 

nmeas =  200000 

interval =  10 

ndata =  20000 

================== RESULTS ===================
avg cluster size =  0.65012797619 * 64 

MatA_even (lhs) =  [[  68.16348784   79.0631864    45.30833632   83.40369104  174.7980808
    51.12851152   91.03746592]
 [  79.0631864    97.513244     50.6359472   100.6556584   216.232868
    62.1732392   113.7487632 ]
 [  45.30833632   50.6359472    33.91430336   53.34408992  110.0744784
    34.88171296   56.60932416]
 [  83.40369104  100.6556584    53.34408992  110.97783024  227.8354648
    64.68656112  118.78022752]
 [ 174.7980808   216.232868    110.0744784   227.8354648   498.533596
   134.2408024   263.0552304 ]
 [  51.12851152   62.1732392    34.88171296   64.68656112  134.2408024
    46.72367856   69.43982176]
 [  91.03746592  113.7487632    56.60932416  118.78022752  263.0552304
    69.43982176  147.91656896]] 

MatC_even (rhs) =  [[  126.36651032   174.95398416    66.52752688   209.3160992    452.3249452
     98.51574064   251.7364408 ]
 [  148.8427372    207.5427336     77.7460248    249.132432     543.583142
    116.3302744    307.067868  ]
 [   83.19815536   114.45991968    44.48893024   136.1231616    291.8600696
     66.05087072   160.3841584 ]
 [  156.06128392   217.27634096    81.69510928   263.1173152    571.3637412
    121.71408784   321.5870248 ]
 [  329.3792084    459.9441592    171.6886056    555.271504    1213.940474
    256.7864168    690.428196  ]
 [   95.96303496   133.35830448    50.57851664   159.0729376    345.3942756
     76.80302992   192.8758824 ]
 [  171.73873616   240.20407008    89.29731744   290.2780096    636.4465576
    133.74563232   364.1609104 ]] 

MatA_odd (lhs) =  [[  195.01146944   675.02453248   662.78084992   337.24879104]
 [  675.02453248  2458.20613616  2422.07218464  1224.27177968]
 [  662.78084992  2422.07218464  2410.69009856  1211.55043872]
 [  337.24879104  1224.27177968  1211.55043872   617.30343664]] 

MatC_odd (rhs) =  [[  717.22921248  2407.48624256  2321.36633472  1203.38626176]
 [ 2476.72439616  8403.55567152  8159.07306624  4201.29885792]
 [ 2430.97582464  8255.75016608  8023.24042496  4128.10831168]
 [ 1238.20835968  4199.12930096  4077.93159552  2100.49790816]] 

y_t array =  [ 0.89054311+0.j  0.96695181+0.j  0.96867729+0.j  0.96550203+0.j
  0.97010479+0.j  0.97021081+0.j  0.96370690+0.j] 

y_h array =  [ 1.87887527+0.j  1.88138431+0.j  1.88187746+0.j  1.88242716+0.j] 

