================== SETTINGS ==================
L =  8 

K =  0.4406867935097715 

h =  0 

b =  2 

nwarm =  10000 

nmeas =  200000 

interval =  5 

ndata =  40000 

================== RESULTS ===================
avg cluster size =  0.643819568452381 * 64 

MatA_even (lhs) =  [[ 69.86097759  81.25364059  45.96704001  85.30539678 178.34649764
   52.18874976  92.59997486]
 [ 81.25364059 100.49420359  51.56429701 102.96784278 220.53984564
   63.52078176 115.51027686]
 [ 45.96704001  51.56429701  34.09780639  54.26286242 111.61855196
   35.37573664  57.36977554]
 [ 85.30539678 102.96784278  54.26286242 113.12526076 231.23954888
   65.84512192 120.29859612]
 [178.34649764 220.53984564 111.61855196 231.23954888 503.54837744
  136.24551296 265.33093256]
 [ 52.18874976  63.52078176  35.37573664  65.84512192 136.24551296
   47.40376064  70.03232704]
 [ 92.59997486 115.51027686  57.36977554 120.29859612 265.33093256
   70.03232704 149.33213244]] 

MatC_even (rhs) =  [[ 128.69940867  178.1013172    67.19025436  213.02263058  460.90204965
    99.73719544  257.34174225]
 [ 152.11642767  211.8633572    78.80930636  254.36493658  555.57505465
   118.05600344  314.82056725]
 [  83.82482013  115.3500908    44.49437604  136.82406062  294.04992635
    66.16484616  162.09709775]
 [ 158.72835814  220.6075624    82.51363512  266.96984036  580.4775153
   122.64641648  327.5243245 ]
 [ 333.73526932  465.3569712   172.67901456  562.24677368 1229.8176814
   258.18494624  701.625631  ]
 [  97.49294688  135.3478208    50.99061504  161.18296512  350.3068176
    77.35225216  195.948104  ]
 [ 173.42587318  242.3749288    89.34647544  293.05352132  642.6331561
   134.20251376  368.7298565 ]] 

MatA_odd (lhs) =  [[ 194.38162558  673.51436976  660.66913295  336.40201237]
 [ 673.51436976 2454.50281984 2417.3896928  1222.396152  ]
 [ 660.66913295 2417.3896928  2405.485951   1209.1416775 ]
 [ 336.40201237 1222.396152   1209.1416775   616.08439375]] 

MatC_odd (rhs) =  [[ 713.24992314 2387.88734742 2301.37901029 1193.81297915]
 [2465.56984272 8343.93075328 8096.42447936 4172.30145568]
 [2418.36302865 8192.7480476  7958.1426962  4097.0214681 ]
 [1232.17683163 4168.017159   4045.3312205  2085.33251025]] 

y_t array =  [0.88144669+0.j 0.95870382+0.j 0.96107279+0.j 0.96323384+0.j
 0.95990041+0.j 0.95970126+0.j 0.95614453+0.j] 

y_h array =  [1.87551584+0.j 1.87826639+0.j 1.87798618+0.j 1.87836036+0.j] 

