================== SETTINGS ==================
L =  8 

K =  0.4406867935097715 

h =  0 

b =  2 

nwarm =  5000 

nmeas =  200000 

interval =  5 

ndata =  40000 

================== RESULTS ===================
avg cluster size =  0.6476798780487805 * 64 

MatA_even (lhs) =  [[ 68.98245631  80.26054789  45.33183777  84.33439088 176.03240536
   51.59581916  91.75657948]
 [ 80.26054789  99.21849191  50.86534363 101.83877072 218.02246984
   62.82017204 114.67183412]
 [ 45.33183777  50.86534363  33.73258559  53.40170896 109.96639912
   34.93822372  56.63764516]
 [ 84.33439088 101.83877072  53.40170896 111.85018624 228.51078528
   65.11128768 119.42931904]
 [176.03240536 218.02246984 109.96639912 228.51078528 497.90561216
  134.85894496 263.63406688]
 [ 51.59581916  62.82017204  34.93822372  65.11128768 134.85894496
   47.04040176  69.52159728]
 [ 91.75657948 114.67183412  56.63764516 119.42931904 263.63406688
   69.52159728 149.07116784]] 

MatC_even (rhs) =  [[ 127.55957833  176.53086001   67.00445927  211.29716826  457.23832091
    98.90223008  254.56705457]
 [ 150.77294227  209.97407819   78.67185213  252.27778494  551.04505529
   117.15427552  311.47390283]
 [  83.04124311  114.17603567   44.34607609  135.66106342  291.34966597
    65.61693536  160.24251119]
 [ 157.49674384  218.96072848   82.38714096  265.33772448  576.95477168
   121.83702784  324.87675536]
 [ 330.66822248  461.00425256  172.28060312  557.54541456 1219.87994296
   256.11122048  694.57789992]
 [  96.74107588  134.22459236   51.02059772  160.20928936  347.98566476
    76.85813888  194.29658852]
 [ 172.64887364  240.88743908   89.78126716  291.86628008  639.94583628
   133.52411264  366.76569956]] 

MatA_odd (lhs) =  [[ 194.732456    674.4355472   661.5796648   336.9733904 ]
 [ 674.4355472  2456.63230064 2419.25092376 1223.59469648]
 [ 661.5796648  2419.25092376 2407.34945084 1210.16319432]
 [ 336.9733904  1223.59469648 1210.16319432  616.87661936]] 

MatC_odd (rhs) =  [[ 715.380068   2397.4239896  2312.066188   1198.6691296 ]
 [2471.8676516  8374.27002952 8131.0938756  4187.26470752]
 [2424.3433594  8221.07196468 7990.2655754  4111.07469168]
 [1235.8118412  4184.21826264 4063.6286092  2093.29720864]] 

y_t array =  [0.88686983+0.j 0.96340051+0.j 0.96490919+0.j 0.96769049+0.j
 0.9622365 +0.j 0.9621227 +0.j 0.95974023+0.j] 

y_h array =  [1.87721656+0.j 1.87985761+0.j 1.87982276+0.j 1.88023462+0.j] 

