================== SETTINGS ==================
L =  8 

K =  0.4406867935097715 

h =  0 

b =  2 

nwarm =  10000 

nmeas =  200000 

interval =  10 

ndata =  20000 

================== RESULTS ===================
avg cluster size =  0.6454940476190476 * 64 

MatA_even (lhs) =  [[ 68.52008384  80.00589792  45.23527968  83.49978368 174.78880096
   51.35434592  90.9759728 ]
 [ 80.00589792  99.43267696  50.70055184 101.22960384 217.35366448
   62.70850096 113.8107064 ]
 [ 45.23527968  50.70055184  33.76948336  53.16699136 109.12902992
   34.75784784  56.3326856 ]
 [ 83.49978368 101.22960384  53.16699136 110.98279936 226.58990592
   64.74409984 117.9270656 ]
 [174.78880096 217.35366448 109.12902992 226.58990592 494.04887024
  134.19857648 260.0961432 ]
 [ 51.35434592  62.70850096  34.75784784  64.74409984 134.19857648
   46.80832496  69.2624664 ]
 [ 90.9759728  113.8107064   56.3326856  117.9270656  260.0961432
   69.2624664  146.128476  ]] 

MatC_even (rhs) =  [[ 126.80353712  175.59285488   66.04251664  209.71536544  453.60461728
    98.75921376  252.7245048 ]
 [ 150.53597656  209.82941944   77.75303432  251.88297872  549.87426064
   117.39399088  310.9965724 ]
 [  82.68114024  113.65794376   43.83193528  134.85602288  289.42143856
    65.70009552  159.0724996 ]
 [ 155.92916224  216.97842176   80.85756928  262.48178688  570.64550656
   121.18385152  321.5799296 ]
 [ 328.75439928  459.09574872  169.64613416  553.97117136 1211.55956432
   255.39967344  690.0984012 ]
 [  96.19504056  133.58675544   50.18744232  159.34974672  346.03507664
    76.72466288  193.1069324 ]
 [ 171.1204204   239.2467196    88.0393988   289.2373448   633.3896776
   132.7103192   362.536366  ]] 

MatA_odd (lhs) =  [[ 194.35758239  671.15338644  658.56262528  335.1545867 ]
 [ 671.15338644 2439.10439024 2402.06873088 1214.1943332 ]
 [ 658.56262528 2402.06873088 2390.52614656 1201.2096384 ]
 [ 335.1545867  1214.1943332  1201.2096384   611.941351  ]] 

MatC_odd (rhs) =  [[ 714.07584856 2391.4743862  2304.35054932 1195.32243332]
 [2459.65666976 8328.9809352  8079.81961072 4163.90967472]
 [2413.02918912 8179.4042624  7942.60107264 4089.53624064]
 [1228.8138168  4158.731886   4035.4144996  2080.3162196 ]] 

y_t array =  [0.88799617+0.j 0.96483383+0.j 0.96886105+0.j 0.96238824+0.j
 0.96159325+0.j 0.96127443+0.j 0.95424914+0.j] 

y_h array =  [1.87736393+0.j 1.87997762+0.j 1.88005556+0.j 1.88035069+0.j] 

