================== SETTINGS ==================
L =  8 

K =  0.4406867935097715 

h =  0 

b =  2 

nwarm =  2000 

nmeas =  200000 

interval =  5 

ndata =  40000 

================== RESULTS ===================
avg cluster size =  0.6453836633663367 * 64 

MatA_even (lhs) =  [[ 68.92960156  80.51381894  45.1574733   84.3007728  176.680985
   51.63603404  91.98587148]
 [ 80.51381894 100.05020431  50.72591045 102.3207672  220.1299025
   63.04010046 115.63105502]
 [ 45.1574733   50.72591045  33.51298775  53.209604   109.6246875
   34.8370097   56.4110689 ]
 [ 84.3007728  102.3207672   53.209604   112.070464   230.1762
   65.2957552  120.0983024 ]
 [176.680985   220.1299025  109.6246875  230.1762     503.892175
  135.703565   266.331005  ]
 [ 51.63603404  63.04010046  34.8370097   65.2957552  135.703565
   46.99048636  70.10670332]
 [ 91.98587148 115.63105502  56.4110689  120.0983024  266.331005
   70.10670332 150.12141884]] 

MatC_even (rhs) =  [[ 127.38567778  176.03438472   66.743892    211.19431278  457.28770072
    98.9325353   254.94447506]
 [ 151.13646997  210.20628628   78.708658    253.23409747  553.76772028
   117.56897345  313.69542669]
 [  82.51353415  113.2853846    43.92551     134.92239665  289.8694146
    65.23727275  159.47433455]
 [ 157.4927464   218.5597536    82.24736     265.4749464   577.5794336
   121.931764    325.9663528 ]
 [ 332.0209675   462.22707     172.6059      560.8622925  1228.06617
   257.4153375   700.9443475 ]
 [  96.55461002  133.85070248   50.721828    160.18082502  348.34454648
    76.7991677   194.79314554]
 [ 173.27677674  241.58193576   89.890436    293.32803174  643.73456376
   134.2239149   369.64884698]] 

MatA_odd (lhs) =  [[ 194.7465191   675.02503079  662.49915372  337.1751423 ]
 [ 675.02503079 2460.37523676 2423.61953968 1224.94702198]
 [ 662.49915372 2423.61953968 2411.93381824 1212.24841464]
 [ 337.1751423  1224.94702198 1212.24841464  617.78760879]] 

MatC_odd (rhs) =  [[ 715.15636448 2396.82730485 2311.12685481 1197.9023798 ]
 [2473.05122112 8377.3802434  8132.20100964 4187.73677198]
 [2426.79791616 8228.9505512  7995.61961552 4113.99061464]
 [1235.96685376 4184.7360957  4062.98500522 2093.10058379]] 

y_t array =  [0.8860075 +0.j 0.95783462+0.j 0.96098561+0.j 0.96840446+0.j
 0.96888158+0.j 0.96855384+0.j 0.96972372+0.j] 

y_h array =  [1.87666117+0.j 1.87937094+0.j 1.87932933+0.j 1.87968229+0.j] 

