======================= SETTINGS =======================
L =  64
K =  0.44068679351
h =  0
b =  2
layer =  4
nwarm =  10000
nmeas =  600000
interval =  20
ndata =  30000 

======================== RESULTS ========================
Mean Wolff cluster size =  0.385988657467 * 4096 

y_t array =  [ 0.94426779+0.j  0.99959790+0.j  1.00112939+0.j  0.98983847+0.j
  0.98549955+0.j  0.98484512+0.j  0.97532948+0.j] 

y_h array =  [ 1.87159628+0.j  1.87442551+0.j  1.87435012+0.j  1.87441310+0.j] 

======================= SANITY CHECK ====================
MatA_even (lhs) =  [[  69.67959024   80.04172891   46.18140208   85.20795061  176.94513621
    51.39600192   91.64575253]
 [  80.04172891   97.87782313   51.31571497  101.88166795  216.34022244
    61.93631125  113.31960142]
 [  46.18140208   51.31571497   34.41391358   54.46218976  111.77608718
    35.10510997   57.34572196]
 [  85.20795061  101.88166795   54.46218976  113.18228416  229.83658069
    64.84509824  119.39684907]
 [ 176.94513621  216.34022244  111.77608718  229.83658069  497.53249678
   133.47191637  261.64858596]
 [  51.39600192   61.93631125   35.10510997   64.84509824  133.47191637
    46.32652203   68.63322027]
 [  91.64575253  113.31960142   57.34572196  119.39684907  261.64858596
    68.63322027  147.27389156]] 

MatC_even (rhs) =  [[  134.07830709   173.31480688    75.49257328   215.59535077
    456.32024811    94.79032645   253.3592992 ]
 [  156.78981287   203.92958199    88.22553506   254.40404944
    543.82454677   111.01244023   306.5570592 ]
 [   87.97303036   113.1833774     50.02641954   139.75130448
    294.11229248    63.44451148   161.3791264 ]
 [  165.56699072   215.03666869    93.21184949   270.51964235
    575.44138368   116.74213131   323.3711424 ]
 [  346.29820956   450.685567     194.7835638    565.72332928
   1210.68489728   244.20492188   686.92972373]
 [  100.33957675   130.23474837    56.82381291   161.30848619
    343.21126485    72.91911829   191.3719936 ]
 [  179.45807858   234.05526151   100.88884018   293.86526187
    630.91424853   126.48616071   360.524736  ]] 

MatA_odd (lhs) =  [[  194.23937051   670.65054229   658.37312512   334.70183477]
 [  670.65054229  2437.9729098   2402.19613639  1213.62501447]
 [  658.37312512  2402.19613639  2391.25988238  1200.98027748]
 [  334.70183477  1213.62501447  1200.98027748   611.5670186 ]] 

MatC_odd (rhs) =  [[  710.79420925  2356.75999253  2279.79639648  1173.27127392]
 [ 2449.08921604  8214.54438258  7998.57108068  4092.81815026]
 [ 2403.98357234  8071.24390116  7866.70507975  4022.46941412]
 [ 1222.7742125   4099.44903609  3992.78180146  2043.51932494]] 

=========================== END =========================






======================= SETTINGS =======================
L =  64
K =  0.44068679351
h =  0
b =  2
layer =  4
nwarm =  10000
nmeas =  600000
interval =  20
ndata =  30000 

======================== RESULTS ========================
Mean Wolff cluster size =  0.385095134798 * 4096 

y_t array =  [ 0.95125507+0.j  1.00402613+0.j  1.00695884+0.j  1.00974498+0.j
  1.01341178+0.j  1.01433153+0.j  1.01181287+0.j] 

y_h array =  [ 1.87040918+0.j  1.87335668+0.j  1.87339334+0.j  1.87345522+0.j] 

======================= SANITY CHECK ====================
MatA_even (lhs) =  [[  70.2218954    80.59377806   46.17448036   85.02375751  177.4105142
    51.70627769   91.81918919]
 [  80.59377806   98.68406073   51.23880036  101.68231751  216.90167154
    62.43459769  113.31858119]
 [  46.17448036   51.23880036   34.27221156   54.03371911  111.27296498
    35.07215822   57.00994204]
 [  85.02375751  101.68231751   54.03371911  112.27489956  228.57425849
    65.02182578  118.65051236]
 [ 177.4105142   216.90167154  111.27296498  228.57425849  496.28503353
   133.97519431  260.17932601]
 [  51.70627769   62.43459769   35.07215822   65.02182578  133.97519431
    46.73343822   68.82777671]
 [  91.81918919  113.31858119   57.00994204  118.65051236  260.17932601
    68.82777671  145.94955918]] 

MatC_even (rhs) =  [[  135.77782841   175.30780409    76.74826716   216.55455417   458.703663
     96.12969159   254.21394887]
 [  158.61880974   206.07868409    89.36759516   255.2045595    546.34074034
    112.44177692   307.5019062 ]
 [   88.26886329   113.43936622    50.36225618   139.43223716
    293.25176764    63.69673671   160.72192498]
 [  166.32958364   215.78416978    93.89823342   269.51204658
    574.11410649   117.42481636   322.00380516]
 [  349.29486706   453.91115058   197.07330297   565.4297957   1211.6384234
    246.43281294   686.24671886]
 [  101.08078862   131.09181956    57.02236818   161.67039182
    344.58847698    73.41227804   191.90522098]
 [  181.15811868   235.68596018   102.17009486   293.80336114
    631.44417828   127.66758798   359.86640868]] 

MatA_odd (lhs) =  [[  194.16583673   670.37638023   658.03617806   334.7210304 ]
 [  670.37638023  2438.02547705  2401.73412423  1213.7934272 ]
 [  658.03617806  2401.73412423  2390.2421194   1200.9599104 ]
 [  334.7210304   1213.7934272   1200.9599104    611.77329067]] 

MatC_odd (rhs) =  [[  709.94071652  2351.41682937  2272.75924373  1170.30028494]
 [ 2445.94622706  8196.33394908  7975.3040672   4082.6732374 ]
 [ 2400.55866852  8053.2511387   7843.58065707  4012.07834894]
 [ 1221.9070976   4092.89301547  3983.48235733  2039.55997653]] 

=========================== END =========================






======================= SETTINGS =======================
L =  64
K =  0.44068679351
h =  0
b =  2
layer =  4
nwarm =  10000
nmeas =  600000
interval =  20
ndata =  30000 

======================== RESULTS ========================
Mean Wolff cluster size =  0.386905409516 * 4096 

y_t array =  [ 0.95153744+0.j  1.00439652+0.j  1.00472237+0.j  0.99432777+0.j
  0.98374657+0.j  0.98215366+0.j  0.98595845+0.j] 

y_h array =  [ 1.87090888+0.j  1.87341131+0.j  1.87363168+0.j  1.87366082+0.j] 

======================= SANITY CHECK ====================
MatA_even (lhs) =  [[  70.58754958   80.90180764   46.39206528   85.87282261  177.64089372
    51.89641301   92.26031132]
 [  80.90180764   98.70357289   51.51364027  102.4057536   216.63670916
    62.43933493  113.44922116]
 [  46.39206528   51.51364027   34.36659611   54.57451477  111.68492811
    35.30326731   57.44849291]
 [  85.87282261  102.4057536    54.57451477  113.54126677  229.47588011
    65.28704597  119.17421824]
 [ 177.64089372  216.63670916  111.68492811  229.47588011  494.97951566
   133.84339264  260.35732046]
 [  51.89641301   62.43933493   35.30326731   65.28704597  133.84339264
    46.65081451   68.82926144]
 [  92.26031132  113.44922116   57.44849291  119.17421824  260.35732046
    68.82926144  146.74914126]] 

MatC_even (rhs) =  [[  136.51155641   176.23146012    76.96876487   218.41890005
    463.51128007    96.40145991   256.98487196]
 [  159.15487351   206.60507716    89.44395342   256.4682664    549.80431076
    112.56971156   309.44445129]
 [   88.99740496   114.36232864    50.72914581   140.86753989
    296.96904875    64.24593573   162.82821829]
 [  167.56753963   217.33730731    94.39792981   272.07395456
    581.03471275   118.05775573   325.96401963]
 [  348.85117074   453.24280953   196.14351204   566.21167456  1215.6040283
    245.64204462   689.00236185]
 [  102.03657909   132.06864917    57.81201621   162.82421536
    347.62412715    74.0066544    193.54572576]
 [  181.7243206    236.369905     101.8978203    295.33909643
    635.43223524   127.59678596   362.33151172]] 

MatA_odd (lhs) =  [[  194.54123804   672.75641488   660.67804784   335.88952408]
 [  672.75641488  2449.66623225  2414.4677627   1219.90446354]
 [  660.67804784  2414.4677627   2403.60949753  1207.18621479]
 [  335.88952408  1219.90446354  1207.18621479   614.70283305]] 

MatC_odd (rhs) =  [[  711.55974173  2359.2887664   2282.61221488  1174.42572851]
 [ 2456.38780924  8241.73018524  8025.9009878   4105.77594848]
 [ 2411.78081084  8101.02857884  7896.20918492  4036.87561931]
 [ 1226.88498569  4114.59036836  4008.11544132  2050.85459835]] 

=========================== END =========================






======================= SETTINGS =======================
L =  64
K =  0.44068679351
h =  0
b =  2
layer =  4
nwarm =  10000
nmeas =  600000
interval =  20
ndata =  30000 

======================== RESULTS ========================
Mean Wolff cluster size =  0.383521436347 * 4096 

y_t array =  [ 0.94786341+0.j  1.00185137+0.j  1.00234929+0.j  0.98469767+0.j
  0.96274849+0.j  0.96190060+0.j  0.96847753+0.j] 

y_h array =  [ 1.87167683+0.j  1.87456822+0.j  1.87447919+0.j  1.87452769+0.j] 

======================= SANITY CHECK ====================
MatA_even (lhs) =  [[  70.00421717   80.37265152   46.21148245   85.1550208   177.07983531
    51.95400704   91.72478293]
 [  80.37265152   98.41794345   51.22334736  101.74392907  216.67703925
    62.67928779  113.3921488 ]
 [  46.21148245   51.22334736   34.42610416   54.27790773  111.19907552
    35.34963339   57.13015947]
 [  85.1550208   101.74392907   54.27790773  112.81116267  229.09226347
    65.3646048   118.853552  ]
 [ 177.07983531  216.67703925  111.19907552  229.09226347  497.27957611
   134.55152917  261.62462827]
 [  51.95400704   62.67928779   35.34963339   65.3646048   134.55152917
    47.10386624   69.18819093]
 [  91.72478293  113.3921488    57.13015947  118.853552    261.62462827
    69.18819093  147.56329067]] 

MatC_even (rhs) =  [[  135.03909632   174.29391701    76.37952171   215.65613056
    457.64379563    95.3460224    254.45509547]
 [  157.83641118   205.16089548    89.00575401   254.30673612
    545.09084244   111.76558942   307.79256418]
 [   88.29835376   113.40215291    50.48893072   139.33661008
    293.77631461    63.6655032    161.35555173]
 [  165.58997173   214.98629493    93.56429813   269.04157387
    573.87898187   116.81155467   322.82952267]
 [  346.48520672   451.33393995   195.33327051   563.52148043
   1209.35679349   244.50248373   688.0717648 ]
 [  101.82390325   131.80857675    57.79888757   162.47585269
    346.45128309    73.9205744    193.2792528 ]
 [  180.23012747   235.01920587   101.70431093   293.1630864    631.0847824
    127.06218933   361.41660533]] 

MatA_odd (lhs) =  [[  194.25862005   670.65537445   658.57699136   334.89430317]
 [  670.65537445  2439.99272384  2404.47701419  1215.22509088]
 [  658.57699136  2404.47701419  2393.73997056  1202.47310464]
 [  334.89430317  1215.22509088  1202.47310464   612.52610416]] 

MatC_odd (rhs) =  [[  710.90434161  2355.21513218  2278.88999813  1172.6079237 ]
 [ 2449.16991696  8212.86523413  7998.8971936   4092.75733077]
 [ 2404.82866155  8072.46228907  7869.21635413  4023.07640832]
 [ 1223.61805805  4101.2883856   3995.53004853  2044.54729941]] 

=========================== END =========================






======================= SETTINGS =======================
L =  64
K =  0.44068679351
h =  0
b =  2
layer =  4
nwarm =  10000
nmeas =  600000
interval =  20
ndata =  30000 

======================== RESULTS ========================
Mean Wolff cluster size =  0.38489607614 * 4096 

y_t array =  [ 0.93867944+0.j  0.99446970+0.j  0.99640664+0.j  0.98851490+0.j
  0.98883747+0.j  0.98886283+0.j  0.98523035+0.j] 

y_h array =  [ 1.87000648+0.j  1.87290713+0.j  1.87288358+0.j  1.87295721+0.j] 

======================= SANITY CHECK ====================
MatA_even (lhs) =  [[  69.6736674    80.05924238   46.01900612   84.61423083  175.76418752
    51.50375655   91.28757952]
 [  80.05924238   97.98597006   51.052193    101.18480384  215.23684181
    62.13197767  112.83931648]
 [  46.01900612   51.052193     34.28863993   53.91646677  110.51438635
    35.10662407   56.78438101]
 [  84.61423083  101.18480384   53.91646677  111.66985984  226.89740715
    64.68423723  118.08494848]
 [ 175.76418752  215.23684181  110.51438635  226.89740715  492.27268523
   133.22483499  259.26046123]
 [  51.50375655   62.13197767   35.10662407   64.68423723  133.22483499
    46.6031786    68.54844032]
 [  91.28757952  112.83931648   56.78438101  118.08494848  259.26046123
    68.54844032  146.02637056]] 

MatC_even (rhs) =  [[  133.54859966   173.05354204    75.22561625   214.23293298
    454.23468284    94.71956359   252.52861559]
 [  156.18892345   203.75622684    87.7903562    252.71291591
    541.44099271   110.9024293    305.67674396]
 [   87.25768985   112.44368284    49.66421113   138.23022791
    291.19703004    63.1998181    160.04065276]
 [  163.80727189   213.35487573    92.09590997   266.84159147
    569.29558827   115.76541952   320.20360085]
 [  342.87519765   447.6473728    192.79739008   558.6976256   1198.70150187
    242.16550144   681.47309077]
 [   99.96811282   130.08442382    56.61243954   160.48945209
    342.18846329    72.8726939    191.0065259 ]
 [  178.38600299   233.28491947   100.18482475   291.16525227   626.5231552
    125.85719211   358.42718144]] 

MatA_odd (lhs) =  [[  194.94019611   674.28560661   662.22195381   336.6481568 ]
 [  674.28560661  2455.93494158  2419.95706354  1222.74819271]
 [  662.22195381  2419.95706354  2408.99507705  1210.06048782]
 [  336.6481568   1222.74819271  1210.06048782   616.16391822]] 

MatC_odd (rhs) =  [[  712.57312685  2361.99398005  2284.48133899  1175.84660123]
 [ 2459.75434891  8247.98525397  8029.44280562  4109.16591694]
 [ 2415.47359984  8107.35962091  7899.50521166  4039.51331196]
 [ 1228.67308107  4118.43198507  4010.12063929  2052.64530098]] 

=========================== END =========================






