======================= SETTINGS =======================
L =  32
K =  0.44068679351
h =  0
b =  2
layer =  3
nwarm =  10000
nmeas =  300000
interval =  10
ndata =  30000 

======================== RESULTS ========================
Mean Wolff cluster size =  0.456728137601 * 1024 

y_t array =  [ 0.94107380+0.j  0.99367625+0.j  0.99315828+0.j  0.99054985+0.j
  0.98780060+0.j  0.98490359+0.j  0.99234352+0.j] 

y_h array =  [ 1.86922042+0.j  1.87194444+0.j  1.87201889+0.j  1.87203993+0.j] 

======================= SANITY CHECK ====================
MatA_even (lhs) =  [[  70.37670713   81.23867072   46.33569259   85.94409543  179.09778219
    51.8893797    92.89973063]
 [  81.23867072   99.68476016   51.75317243  103.15944096  219.66258123
    62.88740043  115.05975989]
 [  46.33569259   51.75317243   34.46741403   54.71658123  112.49816416
    35.23432203   57.77859616]
 [  85.94409543  103.15944096   54.71658123  114.26174798  232.20610069
    65.58950478  120.69726158]
 [ 179.09778219  219.66258123  112.49816416  232.20610069  503.87159829
   135.30507883  264.98405696]
 [  51.8893797    62.88740043   35.23432203   65.58950478  135.30507883
    46.93215225   69.74759972]
 [  92.89973063  115.05975989   57.77859616  120.69726158  264.98405696
    69.74759972  148.80140452]] 

MatC_even (rhs) =  [[  135.1202326    175.02902955    76.25324885   217.83942528
    461.79302926    95.32184021   256.9846843 ]
 [  158.64087515   206.75968064    89.16278123   257.81709451
    551.68149045   111.97391264   311.55995824]
 [   88.26992528   113.79119637    50.36623083   140.63629557
    296.23913632    63.49068171   162.97648997]
 [  166.6793131    216.91413717    93.90383403   272.89595371
    581.57701383   117.17766251   327.43064722]
 [  349.47659168   455.69256491   196.69946496   571.84289344
   1225.04671125   245.70894357   696.43512651]
 [  101.51876484   131.94224171    57.39587883   163.17050091
    347.72174343    73.42592704   194.25562642]
 [  182.05968324   237.68234624   102.41699029   298.14931477
    640.24540636   127.77205824   366.08447228]] 

MatA_odd (lhs) =  [[  193.92045543   670.1449304    657.76554384   334.75274035]
 [  670.1449304   2437.29734933  2401.3368736   1213.82845387]
 [  657.76554384  2401.3368736   2390.14436345  1201.01408423]
 [  334.75274035  1213.82845387  1201.01408423   611.7958498 ]] 

MatC_odd (rhs) =  [[  708.4595146   2345.30368747  2267.95169776  1167.84207928]
 [ 2443.73115067  8184.17149867  7965.08185707  4078.46107787]
 [ 2398.19697307  8040.69332053  7832.52654428  4007.67245685]
 [ 1221.38985613  4088.08898773  3979.15429124  2038.06895504]] 

=========================== END =========================






======================= SETTINGS =======================
L =  32
K =  0.44068679351
h =  0
b =  2
layer =  3
nwarm =  10000
nmeas =  300000
interval =  10
ndata =  30000 

======================== RESULTS ========================
Mean Wolff cluster size =  0.45922687752 * 1024 

y_t array =  [ 0.94093521+0.j  0.99854288+0.j  1.00168385+0.j  0.99809702+0.j
  0.99711498+0.j  0.99589515+0.j  0.99381961+0.j] 

y_h array =  [ 1.87091246+0.j  1.87394034+0.j  1.87373822+0.j  1.87379957+0.j] 

======================= SANITY CHECK ====================
MatA_even (lhs) =  [[  69.22044238   79.34562901   45.572256     84.49303964  174.81272028
    51.14386994   90.41451676]
 [  79.34562901   96.88540331   50.575488    100.9047296   213.42644565
    61.70268501  111.50666069]
 [  45.572256     50.575488     33.95146667   53.56298667  109.79521067
    34.81438933   56.32317867]
 [  84.49303964  100.9047296    53.56298667  112.30889956  226.93874702
    64.63092409  117.53605262]
 [ 174.81272028  213.42644565  109.79521067  226.93874702  489.63998372
   132.6439594   256.99687524]
 [  51.14386994   61.70268501   34.81438933   64.63092409  132.6439594
    46.30498638   68.23897188]
 [  90.41451676  111.50666069   56.32317867  117.53605262  256.99687524
    68.23897188  144.2237642 ]] 

MatC_even (rhs) =  [[  132.88748796   172.3046603     74.62386187   213.28627193
    451.86820473    94.17589931   250.58444775]
 [  155.11690496   202.26162517    86.9655296    251.08588459
    537.37823232   109.93007872   302.56867072]
 [   86.50069867   111.578928      49.12845333   137.28353067   289.110944
     62.61169067   158.55769067]
 [  164.06024996   213.69903538    92.120144     267.38321991
    569.89216924   115.70008747   319.68745636]
 [  341.72702404   445.8553877    191.6235248    556.7480854   1193.02609927
    241.05435136   676.26006958]
 [   99.67684974   129.60255186    56.20850187   160.06712882
    341.14282162    72.51032064   190.0235802 ]
 [  177.19487993   231.3097366     99.33049707   288.92595186
    620.78571079   125.03779328   354.24315684]] 

MatA_odd (lhs) =  [[  194.86642603   673.23471104   661.32296704   336.19432277]
 [  673.23471104  2448.57889678  2413.88665856  1219.55799438]
 [  661.32296704  2413.88665856  2402.80170923  1207.04932949]
 [  336.19432277  1219.55799438  1207.04932949   614.68892132]] 

MatC_odd (rhs) =  [[  712.75092437  2361.1785088   2284.95950763  1175.71960235]
 [ 2457.205439    8234.34730098  8019.63314233  4103.45160619]
 [ 2413.58544523  8096.52786987  7892.35853611  4035.59853419]
 [ 1227.80220327  4112.76183964  4006.45452473  2050.35911872]] 

=========================== END =========================






======================= SETTINGS =======================
L =  32
K =  0.44068679351
h =  0
b =  2
layer =  3
nwarm =  10000
nmeas =  300000
interval =  10
ndata =  30000 

======================== RESULTS ========================
Mean Wolff cluster size =  0.458844317036 * 1024 

y_t array =  [ 0.94340643+0.j  1.00032015+0.j  1.00104792+0.j  0.99852720+0.j
  0.98621759+0.j  0.98401240+0.j  0.98339374+0.j] 

y_h array =  [ 1.87080569+0.j  1.87395327+0.j  1.87365350+0.j  1.87372320+0.j] 

======================= SANITY CHECK ====================
MatA_even (lhs) =  [[  69.75576398   80.07179022   45.96032654   85.16151154  176.94069326
    51.27737465   92.06435982]
 [  80.07179022   97.90275556   51.02546489  101.76894578  216.21116089
    61.84139022  113.73283556]
 [  45.96032654   51.02546489   34.15413646   54.16895943  111.11610084
    34.89986788   57.33510542]
 [  85.16151154  101.76894578   54.16895943  112.86481465  229.32621682
    64.68125554  119.57863538]
 [ 176.94069326  216.21116089  111.11610084  229.32621682  496.61052238
   133.2146026   262.08794596]
 [  51.27737465   61.84139022   34.89986788   64.68125554  133.2146026
    46.23205198   68.91086649]
 [  92.06435982  113.73283556   57.33510542  119.57863538  262.08794596
    68.91086649  147.63773156]] 

MatC_even (rhs) =  [[  134.14476583   173.62471982    75.42365052   215.29031417
    455.74485273    95.16582265   253.25546208]
 [  156.76787378   204.34630222    87.92352178   253.87119289
    542.89086756   111.48725689   306.21881067]
 [   87.57242482   112.71889209    49.754783     138.79280185   292.1559771
     63.42193721   160.42999723]
 [  165.51576761   215.49186204    92.88743097   269.66124572
    574.32820295   117.18250354   322.94279808]
 [  345.81061799   451.17198596   193.8976341    563.84403534
   1207.35781358   244.76732793   685.47901365]
 [  100.49953383   130.56682649    56.67640252   161.01461284
    342.95468206    73.26769998   191.12474741]
 [  180.38123164   235.69399822   101.11226524   294.64783502
    632.88780729   127.71321316   361.50664747]] 

MatA_odd (lhs) =  [[  195.1672       676.27488      664.370752     337.70971733]
 [  676.27488     2464.56977067  2429.72525227  1227.47862187]
 [  664.370752    2429.72525227  2419.2170314   1215.15353372]
 [  337.70971733  1227.47862187  1215.15353372   618.61060665]] 

MatC_odd (rhs) =  [[  713.79822133  2366.28497067  2288.14455467  1177.718928  ]
 [ 2468.29437973  8276.2694912   8055.92965973  4123.27390507]
 [ 2424.7976534   8138.90835968  7929.81358763  4055.27163776]
 [ 1233.41330788  4134.03731456  4024.84058965  2060.28584192]] 

=========================== END =========================






======================= SETTINGS =======================
L =  32
K =  0.44068679351
h =  0
b =  2
layer =  3
nwarm =  10000
nmeas =  300000
interval =  10
ndata =  30000 

======================== RESULTS ========================
Mean Wolff cluster size =  0.457859784526 * 1024 

y_t array =  [ 0.94625356+0.j  0.99915831+0.j  1.00129569+0.j  1.00191089+0.j
  0.99910021+0.j  0.99799660+0.j  0.99609889+0.j] 

y_h array =  [ 1.87177702+0.j  1.87439379+0.j  1.87430126+0.j  1.87447202+0.j] 

======================= SANITY CHECK ====================
MatA_even (lhs) =  [[  68.67452132   78.41492821   45.549473     83.2805541   172.88365739
    50.90657564   89.75829675]
 [  78.41492821   95.59278677   50.25148672   99.19603883  210.70109269
    61.2493056   110.58217771]
 [  45.549473     50.25148672   34.12177892   53.23937052  109.00745301
    34.84349724   56.13724885]
 [  83.2805541    99.19603883   53.23937052  109.95923513  223.10835371
    63.91559396  115.91620523]
 [ 172.88365739  210.70109269  109.00745301  223.10835371  483.49296384
   131.4801664   253.93728043]
 [  50.90657564   61.2493056    34.84349724   63.91559396  131.4801664
    46.05769956   67.87006293]
 [  89.75829675  110.58217771   56.13724885  115.91620523  253.93728043
    67.87006293  142.50893931]] 

MatC_even (rhs) =  [[  132.3263542    171.09023943    74.20106268   212.23281721
    449.35213852    93.88468281   248.87166464]
 [  153.63426688   200.08754816    86.02259712   248.73221483
    532.26287637   109.33820096   299.45340032]
 [   86.87589788   111.81512519    49.150623     137.77170297
    289.75317596    63.03789604   158.58011349]
 [  162.21653988   210.8595658     90.89066724   264.32845468
    562.99674212   114.74847388   315.52614315]
 [  338.64149205   441.29929771   189.62025728   552.17889771
   1182.68442176   239.47524757   669.95623808]
 [   99.48030009   129.31890062    56.01310436   159.68245618
    340.30956516    72.58366151   189.39805013]
 [  176.22944875   229.85782123    98.57357525   287.69228789
    618.12391797   124.75265269   352.37050645]] 

MatA_odd (lhs) =  [[  195.31009706   674.56267863   662.69203989   336.62545503]
 [  674.56267863  2453.21879545  2417.89436501  1221.37898798]
 [  662.69203989  2417.89436501  2407.10916437  1209.01804928]
 [  336.62545503  1221.37898798  1209.01804928   615.38175785]] 

MatC_odd (rhs) =  [[  714.80194423  2370.8756624   2293.97885984  1180.4831171 ]
 [ 2464.06368635  8268.46820053  8052.61221419  4120.64993842]
 [ 2420.50509504  8129.2636416   7924.41947989  4052.23540992]
 [ 1230.37444728  4127.1031712   4020.26414059  2057.44258322]] 

=========================== END =========================






======================= SETTINGS =======================
L =  32
K =  0.44068679351
h =  0
b =  2
layer =  3
nwarm =  10000
nmeas =  300000
interval =  10
ndata =  30000 

======================== RESULTS ========================
Mean Wolff cluster size =  0.463372227823 * 1024 

y_t array =  [ 0.94721928+0.j  0.99655425+0.j  0.99690358+0.j  0.99964307+0.j
  1.00124976+0.j  1.00143370+0.j  0.99724687+0.j] 

y_h array =  [ 1.86982504+0.j  1.87276897+0.j  1.87250060+0.j  1.87257244+0.j] 

======================= SANITY CHECK ====================
MatA_even (lhs) =  [[  69.81612772   80.40694059   46.11123527   85.1045888   177.49327531
    51.58697984   92.66325134]
 [  80.40694059   98.66488304   51.30753125  102.02343893  217.81146901
    62.35768341  114.69427211]
 [  46.11123527   51.30753125   34.23699838   54.3223488   111.75534997
    35.08862784   57.70253756]
 [  85.1045888   102.02343893   54.3223488   112.76945067  229.98528853
    64.97903787  120.24657493]
 [ 177.49327531  217.81146901  111.75534997  229.98528853  500.36211456
   134.24733269  264.57142315]
 [  51.58697984   62.35768341   35.08862784   64.97903787  134.24733269
    46.49773483   69.51876821]
 [  92.66325134  114.69427211   57.70253756  120.24657493  264.57142315
    69.51876821  149.2079274 ]] 

MatC_even (rhs) =  [[  134.61615246   174.08271076    76.0202368    215.8852662    457.74830521
     95.14739541   254.07258951]
 [  157.57400821   205.18588907    88.7496816    255.14014912
    546.64111184   111.53218229   308.1645608 ]
 [   88.18363602   113.38090631    50.28726347   139.64731598   294.1981981
     63.46417141   161.33901396]
 [  165.77837653   215.58980267    93.503424     270.0903168    575.90160427
    116.8943744    323.430112  ]
 [  347.89993429   453.2334208    195.89561387   567.22494037
   1216.45257195   244.99240832   690.4639136 ]
 [  100.63793109   130.88735147    56.94738987   161.57558357
    344.80862101    73.17078059   192.20046827]
 [  181.8312699    237.15278862   102.3239776    296.67452743   638.0961178
    127.89107989   364.40581991]] 

MatA_odd (lhs) =  [[  194.59040789   673.47828436   661.3516248    336.1740292 ]
 [  673.47828436  2452.96497998  2417.11733696  1221.20297717]
 [  661.3516248   2417.11733696  2406.53678016  1208.75093664]
 [  336.1740292   1221.20297717  1208.75093664   615.53464389]] 

MatC_odd (rhs) =  [[  711.205084    2356.65059387  2279.41203796  1173.06305813]
 [ 2456.61109013  8234.87500011  8017.2802747   4102.84883029]
 [ 2412.3340128   8093.94485824  7887.38985408  4033.59627349]
 [ 1226.91326453  4110.79012363  4003.24129099  2049.13750997]] 

=========================== END =========================






