======================= SETTINGS =======================
L =  64
K =  0.44068679351
h =  0
b =  2
nwarm =  10000
nmeas =  600000
interval =  20
ndata =  30000 

======================== RESULTS ========================
avg cluster size =  0.384390841124 * 4096 

y_t array =  [ 0.90969509+0.j  0.96833667+0.j  0.97090384+0.j  0.97151697+0.j
  0.96900693+0.j  0.96924679+0.j  0.96639087+0.j] 

y_h array =  [ 1.88125375+0.j  1.88055935+0.j  1.88057839+0.j  1.88088720+0.j] 

======================= SANITY CHECK ====================
MatA_even (lhs) =  [[  10563.23646633   13258.45571623    6279.57052153   16235.63490757
    34555.77427947    7511.04113307   19535.93345388]
 [  13258.45571623   17182.27429198    7701.06400583   20974.02541152
    44930.4839744     9719.96880053   25505.75676334]
 [   6279.57052153    7701.06400583    4044.80382606    9389.45564011
    19884.79250347    4440.84081173   11183.70360242]
 [  16235.63490757   20974.02541152    9389.45564011   26428.08686704
    56275.44749547   11661.53854107   32123.87511291]
 [  34555.77427947   44930.4839744    19884.79250347   56275.44749547
   121211.54766933   24913.970768     69398.27171947]
 [   7511.04113307    9719.96880053    4440.84081173   11661.53854107
    24913.970768      5930.94935067   14040.39645307]
 [  19535.93345388   25505.75676334   11183.70360242   32123.87511291
    69398.27171947   14040.39645307   40262.06186366]] 

MatC_even (rhs) =  [[  19844.60740907   27823.4843061    10267.66280235   34616.85750077
    76095.95108866   15285.60069643   44393.19282462]
 [  25159.4593152    35406.03951225   12966.66991531   44168.17472292
    97548.50592046   19449.73284715   57323.05697298]
 [  11689.42760107   16329.0348517     6104.83264341   20244.8804197
    44328.75604572    9035.57565056   25701.95091662]
 [  30788.91473707   43334.45203872   15881.40390528   54409.56059339
   120127.02669115   23750.94628363   70816.3227304 ]
 [  65632.79255467   92461.74942506   33815.04145493  116108.15945173
   256761.93807893   50674.8408512   151789.41135466]
 [  14248.323744     20031.22059253    7354.9023808    24854.8973392
    54830.39445947   11117.2972656    32081.98917733]
 [  37132.2434624    52352.52577988   19116.84430635   65856.71817454
   145783.1781971    28670.77055776   86437.26996684]] 

MatA_odd (lhs) =  [[  475637.21147504  1564269.26576277  1502051.2014448    778877.84502875]
 [ 1564269.26576277  5151403.54149006  4946973.39270613  2564723.69835755]
 [ 1502051.2014448   4946973.39270613  4752533.30310933  2463345.19199627]
 [  778877.84502875  2564723.69835755  2463345.19199627  1277379.13438149]] 

MatC_odd (rhs) =  [[  1752224.03367549   5808119.30900779   5560434.87698112
    2903969.56238171]
 [  5762315.33020754  19105442.28733099  18293728.78343765
    9552451.56346944]
 [  5533087.50198587  18345862.90952107  17566888.27032107
    9172700.56277813]
 [  2869202.46481565   9512946.51208491   9108815.56496491
    4756397.07284208]] 







======================= SETTINGS =======================
L =  64
K =  0.44068679351
h =  0
b =  2
nwarm =  10000
nmeas =  600000
interval =  20
ndata =  30000 

======================== RESULTS ========================
avg cluster size =  0.38697718686 * 4096 

y_t array =  [ 0.90686501+0.j  0.96359269+0.j  0.96405799+0.j  0.96439244+0.j
  0.96467331+0.j  0.96453642+0.j  0.96301384+0.j] 

y_h array =  [ 1.88108961+0.j  1.88046446+0.j  1.88049441+0.j  1.88076775+0.j] 

======================= SANITY CHECK ====================
MatA_even (lhs) =  [[  10488.27935572   13149.60328519    6248.42142969   16099.35382649
    34258.46800912    7444.8896357    19364.22014484]
 [  13149.60328519   17039.30442126    7643.65363484   20806.48855324
    44571.00325589    9633.91297252   25305.32158108]
 [   6248.42142969    7643.65363484    4038.10239289    9315.05211022
    19719.4404256     4404.26181404   11087.77345529]
 [  16099.35382649   20806.48855324    9315.05211022   26229.02215822
    55848.00837653   11555.19478898   31883.20900302]
 [  34258.46800912   44571.00325589   19719.4404256    55848.00837653
   120307.24165317   24698.30390144   68881.13645563]
 [   7444.8896357     9633.91297252    4404.26181404   11555.19478898
    24698.30390144    5881.37238926   13923.4987638 ]
 [  19364.22014484   25305.32158108   11087.77345529   31883.20900302
    68881.13645563   13923.4987638    39962.09020713]] 

MatC_even (rhs) =  [[  19665.17500062   27611.78595973   10195.69957908   34337.15999924
    75522.05948048   15209.3935491    43986.80368978]
 [  24898.13961031   35090.13565653   12859.7844342    43766.22396829
    96735.58702891   19319.30755655   56783.27527822]
 [  11632.38121422   16264.37536533    6087.86118649   20152.76612729
    44134.25148907    9028.79507662   25530.66967111]
 [  30458.31831289   42941.06723733   15736.67711609   53912.26245369
   119130.80707947   23572.71213902   70157.30049778]
 [  64938.46283547   91643.65937147   33505.20074064  115051.31095643
   254645.35072069   50314.57716549  150379.427784  ]
 [  14086.46949191   19842.64962347    7282.46675868   24615.98538994
    54377.76960043   11034.00750834   31798.09129956]
 [  36742.38046942   51901.97029787   18938.94677972   65265.839429
   144609.73080784   28473.43318793   85647.54940711]] 

MatA_odd (lhs) =  [[  477311.87500366  1569437.25770816  1507199.80747627   781440.16555442]
 [ 1569437.25770816  5167298.42333291  4962885.7840544   2572623.23414763]
 [ 1507199.80747627  4962885.7840544   4768422.32553067  2471252.40184427]
 [  781440.16555442  2572623.23414763  2471252.40184427  1281309.6299434 ]] 

MatC_odd (rhs) =  [[  1758193.36162036   5828151.82603442   5579720.5639434
    2914352.05107186]
 [  5780744.2975672   19167386.28806763  18353433.24454443
    9584600.72829312]
 [  5551464.203732    18407566.41544427  17626381.3185856
    9204684.59396053]
 [  2878330.42969324   9543636.1600234    9138403.18167282
    4772336.37706937]] 







======================= SETTINGS =======================
L =  64
K =  0.44068679351
h =  0
b =  2
nwarm =  10000
nmeas =  600000
interval =  20
ndata =  30000 

======================== RESULTS ========================
avg cluster size =  0.385692350794 * 4096 

y_t array =  [ 0.90752667+0.j  0.96165125+0.j  0.96381567+0.j  0.96541358+0.j
  0.96582785+0.j  0.96547300+0.j  0.96434362+0.j] 

y_h array =  [ 1.88130191+0.j  1.88058791+0.j  1.88058711+0.j  1.88093494+0.j] 

======================= SANITY CHECK ====================
MatA_even (lhs) =  [[  10568.76335913   13266.1771581     6288.0989416    16246.87499445
    34600.02891499    7505.22535573   19572.57355344]
 [  13266.1771581    17206.35625598    7701.76442213   21013.66537483
    45024.65609109    9716.93002987   25574.89449125]
 [   6288.0989416     7701.76442213    4057.43217733    9390.1886608
    19898.10237547    4437.07334933   11198.6146296 ]
 [  16246.87499445   21013.66537483    9390.1886608    26498.71761856
    56433.71769216   11659.9003712    32230.54271605]
 [  34600.02891499   45024.65609109   19898.10237547   56433.71769216
   121554.34151509   24916.91810987   69611.65499925]
 [   7505.22535573    9716.93002987    4437.07334933   11659.9003712
    24916.91810987    5913.41595733   14053.1432544 ]
 [  19572.57355344   25574.89449125   11198.6146296    32230.54271605
    69611.65499925   14053.1432544    40387.64027931]] 

MatC_even (rhs) =  [[  19825.17010052   27801.90991783   10263.89252814   34642.20519269
    76124.10694727   15297.89447348   44365.33697943]
 [  25124.82051773   35355.39072452   12960.92354567   44205.28052581
    97572.04168377   19447.60352834   57307.15057332]
 [  11690.5585264    16339.27709813    6101.9576928    20274.0595224
    44386.14680107    9057.35593947   25695.7276088 ]
 [  30768.18574315   43302.55283136   15889.23209429   54494.80147701
   120248.86110208   23760.85095029   70850.64925216]
 [  65633.73574528   92452.02940629   33865.16751189  116350.60011115
   257124.10130688   50718.11339456  151907.63220843]
 [  14191.92526293   19948.7854272     7330.10855253   24806.43794027
    54721.83377493   11072.11380587   32005.9342432 ]
 [  37173.41026443   52392.32873632   19174.82462485   66049.79743749
   146108.43557163   28721.24773019   86565.89295259]] 

MatA_odd (lhs) =  [[  477517.32397845  1570151.40922599  1507576.33334932   781604.28263012]
 [ 1570151.40922599  5169759.15597113  4964164.39368092  2573209.24798286]
 [ 1507576.33334932  4964164.39368092  4768598.34883918  2471282.41102439]
 [  781604.28263012  2573209.24798286  2471282.41102439  1281279.42817193]] 

MatC_odd (rhs) =  [[  1759209.00357736   5831423.22795838   5582743.77904162
    2915884.19331663]
 [  5784176.71807595  19178350.41715613  18363558.87511054
    9589728.81582585]
 [  5553639.22900256  18414395.94288291  17632534.04031708
    9207757.4169397 ]
 [  2879346.41050075   9546809.59533159   9141256.65306841
    4773735.88145278]] 







======================= SETTINGS =======================
L =  64
K =  0.44068679351
h =  0
b =  2
nwarm =  10000
nmeas =  600000
interval =  20
ndata =  30000 

======================== RESULTS ========================
avg cluster size =  0.385605372695 * 4096 

y_t array =  [ 0.90518570+0.j  0.96244119+0.j  0.96422155+0.j  0.96392746+0.j
  0.96568994+0.j  0.96682022+0.j  0.96668373+0.j] 

y_h array =  [ 1.88108823+0.j  1.88034867+0.j  1.88033382+0.j  1.88072159+0.j] 

======================= SANITY CHECK ====================
MatA_even (lhs) =  [[  10701.25839296   13424.26849387    6401.35052117   16417.13995285
    34966.87931851    7600.88786432   19767.54465643]
 [  13424.26849387   17389.22465956    7845.60371769   21208.25782862
    45452.23986436    9839.83860907   25801.53306987]
 [   6401.35052117    7845.60371769    4143.30063758    9550.47982564
    20238.89822692    4518.17586261   11383.46165504]
 [  16417.13995285   21208.25782862    9550.47982564   26702.6398378
    56889.4034603    11791.74900651   32470.87356779]
 [  34966.87931851   45452.23986436   20238.89822692   56889.4034603
   122574.53598292   25208.25721728   70159.20997237]
 [   7600.88786432    9839.83860907    4518.17586261   11791.74900651
    25208.25721728    6008.17968811   14213.18506325]
 [  19767.54465643   25801.53306987   11383.46165504   32470.87356779
    70159.20997237   14213.18506325   40690.88879723]] 

MatC_even (rhs) =  [[  20041.16202869   28106.50625472   10350.52389333   34980.25070923
    76899.10299509   15463.31404363   44825.24516757]
 [  25386.68017298   35737.92775929   13057.73573333   44613.37536587
    98521.27102098   19659.35561831   57858.40918791]
 [  11893.08668188   16616.76668644    6198.25237333   20603.06234624
    45110.68318749    9207.18690162   26130.43115207]
 [  31014.41705276   43674.65167353   15961.85765333   54885.85965472
   121185.44507623   23971.0096053    71411.17196466]
 [  66202.11000588   93296.05453444   34037.03837333  117247.70255024
   259258.87787149   51207.06246562  153192.02523474]
 [  14393.34683179   20244.91235157    7417.79765333   25128.45914752
    55449.38902059   11250.18905899   32428.16301141]
 [  37473.54448416   52841.86828565   19262.35536      66540.68067403
   147256.49502923   28986.73822709   87253.17014677]] 

MatA_odd (lhs) =  [[  476450.26325156  1566443.6027552   1504080.28632996   779937.59341262]
 [ 1566443.6027552   5157033.27188757  4952220.01939861  2567445.39109781]
 [ 1504080.28632996  4952220.01939861  4757411.25457572  2465880.95238478]
 [  779937.59341262  2567445.39109781  2465880.95238478  1278689.31946318]] 

MatC_odd (rhs) =  [[  1755017.90601458   5817950.61161529   5569396.14858916
    2909123.44716604]
 [  5769651.98412949  19131699.48491435  18317455.99578432
    9566340.06955659]
 [  5539932.29507463  18370397.08357518  17589042.10570659
    9185683.23426535]
 [  2872781.71034076   9525780.48770958   9120395.2225322
    4763192.60327228]] 







======================= SETTINGS =======================
L =  64
K =  0.44068679351
h =  0
b =  2
nwarm =  10000
nmeas =  600000
interval =  20
ndata =  30000 

======================== RESULTS ========================
avg cluster size =  0.385338274846 * 4096 

y_t array =  [ 0.91094697+0.j  0.97083688+0.j  0.97257286+0.j  0.97292898+0.j
  0.97114128+0.j  0.97071937+0.j  0.96953194+0.j] 

y_h array =  [ 1.88110894+0.j  1.88044069+0.j  1.88043041+0.j  1.88084507+0.j] 

======================= SANITY CHECK ====================
MatA_even (lhs) =  [[  10688.67645696   13427.87477589    6375.94137941   16407.54524907
    34957.99350613    7597.53182528   19746.96959573]
 [  13427.87477589   17413.34293305    7822.67931932   21225.0346464
    45495.78922524    9839.87569941   25806.61605973]
 [   6375.94137941    7822.67931932    4120.4047434     9510.97616853
    20166.58134329    4502.92109611   11332.60374187]
 [  16407.54524907   21225.0346464     9510.97616853   26698.56308933
    56881.021632     11787.82224987   32437.56572267]
 [  34957.99350613   45495.78922524   20166.58134329   56881.021632
   122554.01652622   25209.82284373   70083.46216533]
 [   7597.53182528    9839.87569941    4502.92109611   11787.82224987
    25209.82284373    5991.28075504   14205.8155232 ]
 [  19746.96959573   25806.61605973   11332.60374187   32437.56572267
    70083.46216533   14205.8155232    40600.232256  ]] 

MatC_even (rhs) =  [[  20097.69694848   28189.46656768   10378.25540779   35071.59015531
    77107.225232     15521.31191488   44906.58761664]
 [  25512.58588572   35899.58410581   13136.41917099   44800.59118571
    98929.16270756   19762.88217835   58041.85712704]
 [  11882.57147193   16612.74547797    6184.98923776   20579.66992939
    45084.22384711    9220.21105024   26092.34007339]
 [  31156.46915787   43839.7391392    16057.22419947   55062.5611816
   121556.17118      24072.9752072    71552.07056827]
 [  66488.21044195   93638.48660907   34237.61937493  117639.8052352
   260081.82407111   51415.7680384   153507.3290752 ]
 [  14418.81380597   20274.00395157    7431.14334016   25174.71369552
    55545.33354267   11261.59296784   32459.13333285]
 [  37599.3397312    52988.44871253   19356.33835947   66687.24153493
   147566.83928      29077.6333472    87346.34958827]] 

MatA_odd (lhs) =  [[  477506.91997198  1570530.41409735  1508232.66271801   781730.00370496]
 [ 1570530.41409735  5172280.87769998  4967591.32371399  2574258.73081771]
 [ 1508232.66271801  4967591.32371399  4772834.545889    2472781.78019819]
 [  781730.00370496  2574258.73081771  2472781.78019819  1281696.50759749]] 

MatC_odd (rhs) =  [[  1758935.38257728   5831165.72811776   5582210.26077753
    2915636.65544853]
 [  5784823.48589739  19182709.80941824  18366763.80339314
    9591564.8754048 ]
 [  5555342.26155669  18422270.48971179  17639164.7205339
    9211370.80055573]
 [  2879441.62743621   9548234.92783296   9142146.25870144
    4774280.84825253]] 







