======================= SETTINGS =======================
L =  16
K =  0.44068679351
h =  0
b =  2
nwarm =  5000
nmeas =  300000
interval =  10
ndata =  30000 

======================== RESULTS ========================
avg cluster size =  0.546853099385 * 256 

y_t array =  [ 0.89262866+0.j  0.96192206+0.j  0.96493667+0.j  0.96170257+0.j
  0.96254467+0.j  0.96315375+0.j  0.96723818+0.j] 

y_h array =  [ 1.87875847+0.j  1.87921592+0.j  1.87912359+0.j  1.87955192+0.j] 

======================= SANITY CHECK ====================
MatA_even (lhs) =  [[  410.6185386    497.16322955   255.84305355   578.25073024
   1209.04148519   300.01158158   652.40099036]
 [  497.16322955   630.29394203   300.22067003   728.71554795
   1537.08053509   378.65612992   833.53647157]
 [  255.84305355   300.22067003   176.45633136   346.67929195
    719.79984976   187.11307925   385.57962357]
 [  578.25073024   728.71554795   346.67929195   881.66617344
   1840.30977515   428.46684416  1003.64534485]
 [ 1209.04148519  1537.08053509   719.79984976  1840.30977515
   3911.97728638   897.9367685   2142.3728314 ]
 [  300.01158158   378.65612992   187.11307925   428.46684416   897.9367685
    251.78466446   481.78793372]
 [  652.40099036   833.53647157   385.57962357  1003.64534485  2142.3728314
    481.78793372  1197.93357305]] 

MatC_even (rhs) =  [[  762.33622194  1064.27867534   395.99374876  1305.84042852
   2849.59699257   590.54061924  1626.62167588]
 [  935.29424885  1312.41830997   482.84711637  1616.06526912
   3550.80759296   726.96057963  2048.06580171]
 [  469.90221152   652.81071531   247.45424171   796.69331179
   1729.23460096   367.08225429   978.32852704]
 [ 1085.22439296  1522.53481472   560.70514859  1891.93400576
   4153.64569941   839.23599275  2404.97671125]
 [ 2275.45667588  3196.15837468  1173.63689486  3969.8321157   8735.5997878
   1762.6957078   5077.16894908]
 [  564.22008988   790.23050297   292.73734599   965.34956686
   2117.40439268   443.98476601  1213.24153444]
 [ 1230.14324857  1729.27814087   633.43117625  2151.78431986
   4740.53187442   952.49128775  2764.82576647]] 

MatA_odd (lhs) =  [[  2637.84260622   8828.658688     8538.8557184    4395.57694791]
 [  8828.658688    30005.86948267  29063.6409088   14928.87968427]
 [  8538.8557184   29063.6409088   28259.02550784  14481.70669568]
 [  4395.57694791  14928.87968427  14481.70669568   7453.61790692]] 

MatC_odd (rhs) =  [[   9700.88893262   32280.1678976    30974.91085511   16141.7464128 ]
 [  32446.13438613  108302.47213653  104130.862208     54158.2610496 ]
 [  31380.02604704  104781.06741376  100778.28808107   52397.08288661]
 [  16156.63368519   53924.18741419   51850.01651769   26968.99579989]] 







======================= SETTINGS =======================
L =  16
K =  0.44068679351
h =  0
b =  2
nwarm =  5000
nmeas =  300000
interval =  10
ndata =  30000 

======================== RESULTS ========================
avg cluster size =  0.545460040984 * 256 

y_t array =  [ 0.89409304+0.j  0.96758456+0.j  0.96968328+0.j  0.97118777+0.j
  0.96920395+0.j  0.96989363+0.j  0.97216323+0.j] 

y_h array =  [ 1.87970812+0.j  1.88028924+0.j  1.88035129+0.j  1.88091948+0.j] 

======================= SANITY CHECK ====================
MatA_even (lhs) =  [[  412.26917289   499.11500231   257.007672     581.68100756
   1214.97879164   301.30024524   655.16879502]
 [  499.11500231   632.71357838   301.51038293   733.13803804
   1545.76353252   380.38251833   838.41517682]
 [  257.007672     301.51038293   177.540976     348.88288267   723.5802976
    187.7290864    387.16852907]
 [  581.68100756   733.13803804   348.88288267   888.38771156
   1853.10287271   431.50892684  1010.70108729]
 [ 1214.97879164  1545.76353252   723.5802976   1853.10287271
   3936.99885732   904.50102553  2156.10019868]
 [  301.30024524   380.38251833   187.7290864    431.50892684
    904.50102553   252.86866985   485.66502514]
 [  655.16879502   838.41517682   387.16852907  1010.70108729
   2156.10019868   485.66502514  1205.63234532]] 

MatC_even (rhs) =  [[  766.17801636  1070.19469529   399.166472    1308.47927947
   2858.69840782   594.82060409  1631.48639991]
 [  940.76860188  1320.26814663   487.88574293  1621.18927104
   3564.05863452   732.36559047  2056.15781006]
 [  472.54389973   656.73282453   249.09644267   797.9417824   1734.45257813
    370.0148416    980.55272373]
 [ 1095.03835129  1536.42281476   568.88754933  1902.86965173
   4181.68053902   849.16782116  2421.76712418]
 [ 2292.88074908  3221.14300423  1189.7644576   3989.75271957
   8787.01577159  1779.27409394  5109.93090926]
 [  568.13121074   795.72475879   295.59465973   969.35176203  2127.4516005
    447.69586268  1219.50218878]
 [ 1238.88790158  1742.04553444   642.74676907  2162.71755776
   4769.35704974   961.48600206  2783.94244807]] 

MatA_odd (lhs) =  [[  2635.44900245   8824.27984155   8529.51988224   4392.92349244]
 [  8824.27984155  30004.94301291  29047.72751019  14927.07297067]
 [  8529.51988224  29047.72751019  28231.50510763  14473.44605867]
 [  4392.92349244  14927.07297067  14473.44605867   7452.53848889]] 

MatC_odd (rhs) =  [[   9698.46814182   32260.45547428   30959.68116025   16130.69293767]
 [  32448.7149808   108277.92038656  104121.57436928   54141.48069888]
 [  31361.84249173  104691.88227755  100707.77358677   52348.93436757]
 [  16156.64319111   53909.57942044   51844.58899911   26959.19973689]] 







======================= SETTINGS =======================
L =  16
K =  0.44068679351
h =  0
b =  2
nwarm =  5000
nmeas =  300000
interval =  10
ndata =  30000 

======================== RESULTS ========================
avg cluster size =  0.545673668033 * 256 

y_t array =  [ 0.90399984+0.j  0.96866047+0.j  0.96820560+0.j  0.96984515+0.j
  0.96754336+0.j  0.96797376+0.j  0.96060233+0.j] 

y_h array =  [ 1.87932635+0.j  1.87969838+0.j  1.87960192+0.j  1.87989484+0.j] 

======================= SANITY CHECK ====================
MatA_even (lhs) =  [[  408.20213545   493.74426827   253.78959168   575.92203641
   1204.59236203   297.22406268   651.52698528]
 [  493.74426827   626.59164267   297.29199147   726.25625387  1532.9173696
    375.76259307   834.06608747]
 [  253.78959168   297.29199147   175.23876437   344.13915989
    714.62093141   184.92432939   383.49346517]
 [  575.92203641   726.25625387   344.13915989   881.73208206
   1840.29875712   425.97544519  1006.51334443]
 [ 1204.59236203  1532.9173696    714.62093141  1840.29875712
   3913.39693483   893.31017344  2149.32771968]
 [  297.22406268   375.76259307   184.92432939   425.97544519
    893.31017344   249.37428985   480.59729045]
 [  651.52698528   834.06608747   383.49346517  1006.51334443
   2149.32771968   480.59729045  1204.95378197]] 

MatC_even (rhs) =  [[  763.84693646  1062.74501166   398.53572441  1303.22470731
   2840.73893723   587.39159794  1621.9278354 ]
 [  936.06181973  1309.48529173   485.46273387  1613.11225707
   3540.18090827   722.65856427  2044.5031024 ]
 [  471.41475072   652.20554965   249.45735723   794.54447659
   1722.17506368   365.42879915   973.42413419]
 [ 1090.16925497  1524.7603867    565.6639114   1895.45988821
   4154.44628885   839.01100316  2407.80459684]
 [ 2284.73554944  3199.78258731  1183.61061845  3977.20188117
   8738.27370603  1758.59389696  5086.01343637]
 [  563.72049607   787.35250354   293.50153052   962.00703723
   2108.05224757   440.64932153  1209.4202118 ]
 [ 1236.44000512  1733.16504939   639.66602176  2158.97904832
   4750.44243061   951.11774208  2776.23352459]] 

MatA_odd (lhs) =  [[  2633.88328789   8807.71080667   8518.20324044   4384.90320369]
 [  8807.71080667  29910.35266667  28966.85336     14879.50366133]
 [  8518.20324044  28966.85336     28163.28780622  14432.79647698]
 [  4384.90320369  14879.50366133  14432.79647698   7428.76570452]] 

MatC_odd (rhs) =  [[   9690.14173656   32245.34436027   30931.52756622   16113.7026572 ]
 [  32382.65972667  108096.511696    103900.95744      54022.323992  ]
 [  31317.46930178  104577.98298773  100553.25622044   52265.35692213]
 [  16123.71433676   53816.73729739   51731.34707769   26898.76685211]] 







======================= SETTINGS =======================
L =  16
K =  0.44068679351
h =  0
b =  2
nwarm =  5000
nmeas =  300000
interval =  10
ndata =  30000 

======================== RESULTS ========================
avg cluster size =  0.545146516393 * 256 

y_t array =  [ 0.90428091+0.j  0.97120973+0.j  0.97314167+0.j  0.96596483+0.j
  0.96445120+0.j  0.96501503+0.j  0.95947154+0.j] 

y_h array =  [ 1.87985942+0.j  1.88017935+0.j  1.88012371+0.j  1.88066414+0.j] 

======================= SANITY CHECK ====================
MatA_even (lhs) =  [[  403.76218366   489.04668293   251.43347557   569.97482096
   1193.41299993   294.94837957   644.3975506 ]
 [  489.04668293   621.660764     294.75395493   719.9380664   1522.04438027
    373.6405816    826.44404027]
 [  251.43347557   294.75395493   173.76097904   340.90487483
    708.30703051   183.53729637   379.47626117]
 [  569.97482096   719.9380664    340.90487483   872.89416731
   1825.81248736   423.33154416   996.86677669]
 [ 1193.41299993  1522.04438027   708.30703051  1825.81248736  3890.1157802
    889.43149451  2133.21879086]
 [  294.94837957   373.6405816    183.53729637   423.33154416
    889.43149451   248.95694704   478.01945851]
 [  644.3975506    826.44404027   379.47626117   996.86677669
   2133.21879086   478.01945851  1194.43130153]] 

MatC_even (rhs) =  [[  755.68590116  1051.98377993   394.70755369  1290.28236076
   2808.93885292   583.53054444  1604.27140516]
 [  927.96803733  1298.76654693   482.374732    1599.05026213
   3506.75303653   719.17396667  2025.391664  ]
 [  465.72600427   645.06761051   245.87506747   786.65963205
   1702.88156208   362.3499       962.88665493]
 [ 1077.4406304   1508.15670736   560.08547653  1874.38328421
   4107.00699899   831.5293      2381.81629973]
 [ 2263.01927182  3170.7680602   1174.74615236  3940.67355623
   8654.52348946  1747.82411111  5039.83106916]
 [  560.33843093   782.82200784   292.39481413   956.05847739
   2092.69319675   440.0845      1200.67774827]
 [ 1222.69956516  1714.27417086   634.37026569  2135.5638749   4697.66171746
    943.77207778  2746.58149582]] 

MatA_odd (lhs) =  [[  2629.87738944   8780.40220608   8492.00115925   4372.80084021]
 [  8780.40220608  29769.08493589  28830.35488811  14814.10644149]
 [  8492.00115925  28830.35488811  28029.17164345  14368.93400028]
 [  4372.80084021  14814.10644149  14368.93400028   7398.20419198]] 

MatC_odd (rhs) =  [[   9678.97956107   32180.46219563   30873.59997824   16091.80113739]
 [  32294.16132747  107712.04368939  103544.60699435   53862.41860171]
 [  31232.27394809  104207.99464306  100211.7405221    52111.43876985]
 [  16086.07381324   53647.42043214   51575.82633337   26830.10328322]] 







======================= SETTINGS =======================
L =  16
K =  0.44068679351
h =  0
b =  2
nwarm =  5000
nmeas =  300000
interval =  10
ndata =  30000 

======================== RESULTS ========================
avg cluster size =  0.547307889344 * 256 

y_t array =  [ 0.89792112+0.j  0.96987178+0.j  0.97074226+0.j  0.97037637+0.j
  0.97163561+0.j  0.97169226+0.j  0.97603943+0.j] 

y_h array =  [ 1.88006567+0.j  1.88057298+0.j  1.88058059+0.j  1.88095520+0.j] 

======================= SANITY CHECK ====================
MatA_even (lhs) =  [[  407.36759118   492.05859221   254.12729963   572.98236167
   1197.25215164   297.62200988   645.88466396]
 [  492.05859221   622.67896597   297.70518421   720.51815701
   1519.13949493   375.26615765   823.94834923]
 [  254.12729963   297.70518421   175.89429696   343.93062123
    713.71325387   186.11712811   382.12205419]
 [  572.98236167   720.51815701   343.93062123   872.70409038
   1819.75217476   424.81493006   992.66427428]
 [ 1197.25215164  1519.13949493   713.71325387  1819.75217476
   3866.01295956   890.63705636  2117.56941529]
 [  297.62200988   375.26615765   186.11712811   424.81493006
    890.63705636   250.17907172   478.1900955 ]
 [  645.88466396   823.94834923   382.12205419   992.66427428
   2117.56941529   478.1900955   1184.4416938 ]] 

MatC_even (rhs) =  [[  759.08020683  1058.93132206   392.90661479  1298.52399918
   2831.08653444   587.19203275  1615.54968075]
 [  929.68774581  1303.18790752   479.11306037  1604.75128288
   3521.47745931   721.46659424  2031.00407157]
 [  469.37141749   651.31708917   245.94294901   793.70637429
   1720.70157088   365.65617141   972.87888608]
 [ 1080.14524043  1514.60397735   556.96123204  1881.556983    4125.95218812
    834.93197621  2388.34183755]
 [ 2263.4625912   3177.19578658  1165.91028649  3946.07254498
   8672.49390604  1751.9921656   5039.3881256 ]
 [  561.81009557   786.44090887   290.49820708   960.99598855  2105.7386821
    441.61245845  1206.98539712]
 [ 1223.77551392  1719.11487719   630.11133572  2138.96322663
   4707.48843367   947.11780896  2745.35398496]] 

MatA_odd (lhs) =  [[  2643.50273038   8849.60245988   8555.24892644   4405.53728526]
 [  8849.60245988  30081.03767353  29123.07388132  14964.87355364]
 [  8555.24892644  29123.07388132  28306.1986634   14511.08241294]
 [  4405.53728526  14964.87355364  14511.08241294   7471.11703865]] 

MatC_odd (rhs) =  [[   9730.51720747   32375.94282638   31070.73711787   16184.16460985]
 [  32551.50705493  108639.09865188  104467.30692907   54310.03792548]
 [  31466.5884544   105052.20105444  101052.08486827   52518.77081017]
 [  16207.09798187   54084.9060426    52011.3307328    27040.37136846]] 







