======================= SETTINGS =======================
L =  16
K =  0.44068679351
h =  0
b =  2
layer =  2
nwarm =  5000
nmeas =  300000
interval =  10
ndata =  30000 

======================== RESULTS ========================
Mean Wolff cluster size =  0.543499615779 * 256 

y_t array =  [ 0.92588778+0.j  0.98667685+0.j  0.98672182+0.j  0.98833411+0.j
  0.98318011+0.j  0.98302144+0.j  0.97535139+0.j] 

y_h array =  [ 1.87228351+0.j  1.87557178+0.j  1.87560147+0.j  1.87569698+0.j] 

======================= SANITY CHECK ====================
MatA_even (lhs) =  [[  69.73637104   80.12809856   46.1526416    84.71894592  176.54873216
    51.25841728   92.10542357]
 [  80.12809856   98.01603584   51.34207573  101.31690155  215.86906624
    61.82036992  113.64042069]
 [  46.1526416    51.34207573   34.33335289   54.24219236  111.63195307
    35.00398009   57.66947627]
 [  84.71894592  101.31690155   54.24219236  111.96535438  227.99115435
    64.58100366  119.10634752]
 [ 176.54873216  215.86906624  111.63195307  227.99115435  494.40898731
   132.94293845  261.12144896]
 [  51.25841728   61.82036992   35.00398009   64.58100366  132.94293845
    46.34951652   68.61948501]
 [  92.10542357  113.64042069   57.66947627  119.10634752  261.12144896
    68.61948501  147.55532544]] 

MatC_even (rhs) =  [[  132.48885211   173.12272693    74.18148352   213.63156123
    454.15119776    95.29013243   252.14253669]
 [  154.98214016   203.78913707    86.53978795   252.24911317
    541.57961131   111.51009664   305.33938304]
 [   86.94370649   113.076944      49.18218524   138.55011573
    292.67062151    63.8016304    160.68277884]
 [  162.81481934   213.65126613    91.04228807   266.74590955
    570.06098759   116.59727381   320.16842972]
 [  341.23513643   448.86642773   190.69069141   559.45531691
   1202.62210304   244.38810837   682.31644544]
 [   98.82307364   129.66182187    55.49445575   159.50437525
    340.73737543    72.94724032   189.9623813 ]
 [  178.09854997   234.5761216     99.42519979   292.43473003
    630.66906923   127.61994389   359.90146283]] 

MatA_odd (lhs) =  [[  194.67656185   673.32469006   660.96144434   336.2636325 ]
 [  673.32469006  2450.89839758  2414.76011335  1220.38176199]
 [  660.96144434  2414.76011335  2403.13152505  1207.49027214]
 [  336.2636325   1220.38176199  1207.49027214   615.32221326]] 

MatC_odd (rhs) =  [[  712.73348596  2366.79793714  2287.93983417  1179.04633771]
 [ 2459.27465049  8260.39003122  8036.77610468  4117.32610816]
 [ 2413.67497218  8114.66926585  7903.43106119  4046.16005077]
 [ 1228.92915058  4125.60097508  4015.12578674  2057.58381995]] 

=========================== END =========================






======================= SETTINGS =======================
L =  16
K =  0.44068679351
h =  0
b =  2
layer =  2
nwarm =  5000
nmeas =  300000
interval =  10
ndata =  30000 

======================== RESULTS ========================
Mean Wolff cluster size =  0.545892546107 * 256 

y_t array =  [ 0.94271409+0.j  1.00141504+0.j  1.00645943+0.j  0.99562779+0.j
  0.98939772+0.j  0.98612124+0.j  0.98072923+0.j] 

y_h array =  [ 1.87280126+0.j  1.87558494+0.j  1.87505739+0.j  1.87515728+0.j] 

======================= SANITY CHECK ====================
MatA_even (lhs) =  [[  70.11381118   80.57502004   46.35433143   84.54060402  177.18094041
    51.77937052   91.68729916]
 [  80.57502004   98.79976446   51.3776446   101.27113756  217.21992132
    62.56313415  113.5870118 ]
 [  46.35433143   51.3776446    34.60437033   53.85808697  111.27368295
    35.19581625   56.98407513]
 [  84.54060402  101.27113756   53.85808697  111.37603812  227.74752199
    64.87794574  118.39274724]
 [ 177.18094041  217.21992132  111.27368295  227.74752199  497.93771513
   134.44305607  261.43592242]
 [  51.77937052   62.56313415   35.19581625   64.87794574  134.44305607
    46.82936206   69.19037412]
 [  91.68729916  113.5870118    56.98407513  118.39274724  261.43592242
    69.19037412  146.91502926]] 

MatC_even (rhs) =  [[  134.76862356   175.66515161    74.87089717   216.11274388
    458.98721179    97.12279817   255.19161234]
 [  157.76590622   206.88042692    87.40982859   255.41913972
    547.78332923   113.77538686   309.34178172]
 [   87.82553378   114.10836668    49.36341728   139.34058188
    294.01090971    64.71557954   161.42489774]
 [  164.22490311   214.99798812    90.93085696   267.88263452
    571.84498261   117.9626021    322.09284153]
 [  346.61617156   454.98686286   191.67803541   565.62681006
   1214.67212277   249.03944558   690.8140165 ]
 [  101.22504178   132.39751367    56.57262165   162.2474358    346.43366443
     74.95269788   193.45603044]
 [  179.62415378   236.20577415    99.42034155   294.12127335
    633.41501984   129.10641874   362.47414948]] 

MatA_odd (lhs) =  [[  194.82868853   674.05481799   662.08280935   336.75186774]
 [  674.05481799  2457.34000185  2421.4631003   1223.69075228]
 [  662.08280935  2421.4631003   2410.77212473  1211.15264476]
 [  336.75186774  1223.69075228  1211.15264476   616.85371092]] 

MatC_odd (rhs) =  [[  713.54646984  2373.72079036  2294.96440672  1182.50224988]
 [ 2463.41660487  8291.4077002   8070.14733824  4133.5553627 ]
 [ 2419.87881426  8152.54666894  7942.17416619  4065.0984266 ]
 [ 1231.53288326  4142.84319367  4032.85328363  2066.0728677 ]] 

=========================== END =========================






======================= SETTINGS =======================
L =  16
K =  0.44068679351
h =  0
b =  2
layer =  2
nwarm =  5000
nmeas =  300000
interval =  10
ndata =  30000 

======================== RESULTS ========================
Mean Wolff cluster size =  0.547627689549 * 256 

y_t array =  [ 0.93167668+0.j  0.99238259+0.j  0.99330197+0.j  0.97911558+0.j
  0.96334983+0.j  0.96162720+0.j  0.95950368+0.j] 

y_h array =  [ 1.87184010+0.j  1.87461268+0.j  1.87453420+0.j  1.87463366+0.j] 

======================= SANITY CHECK ====================
MatA_even (lhs) =  [[  69.65717156   80.23909689   45.87843662   84.77385742  176.93829618
    51.39940836   91.67553458]
 [  80.23909689   98.46879289   51.04599609  101.46670649  216.90457031
    62.22441529  113.53472284]
 [  45.87843662   51.04599609   34.04326052   53.8803099   110.97520967
    34.88650041   57.04356956]
 [  84.77385742  101.46670649   53.8803099   112.073441    228.42242759
    64.74609038  118.62036807]
 [ 176.93829618  216.90457031  110.97520967  228.42242759  497.20849038
   133.9100325   261.47589988]
 [  51.39940836   62.22441529   34.88650041   64.74609038  133.9100325
    46.46765113   69.08755655]
 [  91.67553458  113.53472284   57.04356956  118.62036807  261.47589988
    69.08755655  146.66532686]] 

MatC_even (rhs) =  [[  132.8704672    174.28569902    74.38506187   214.39370738
    456.67690347    95.91609636   253.84031378]
 [  155.8174336    205.69159396    86.94816427   253.63600924
    545.67278507   112.68655929   307.96627911]
 [   86.67779648   113.04223534    49.14949835   138.10784242
    292.12587712    63.92014628   160.46469351]
 [  163.10579584   214.96511652    91.03917077   267.47619356
    572.89393963   117.25701732   322.23782364]
 [  342.78003328   452.80515676   191.21023381   562.33782926
   1211.25194965   246.6820837    688.36412196]
 [   99.65146709   131.240257      55.95092949   160.76118812
    344.27506944    74.0859082    192.27111324]
 [  177.92559723   235.64768508    99.36049163   292.56792164
    632.10604864   128.11968562   361.54880836]] 

MatA_odd (lhs) =  [[  194.45639552   672.17585472   659.76007428   335.59533036]
 [  672.17585472  2445.41324971  2409.10703104  1217.4796736 ]
 [  659.76007428  2409.10703104  2397.83316793  1204.60554916]
 [  335.59533036  1217.4796736   1204.60554916   613.70127956]] 

MatC_odd (rhs) =  [[  711.70865939  2363.74399047  2284.89253579  1178.01239226]
 [ 2455.16831296  8249.17442219  8025.57861717  4113.33088469]
 [ 2409.5585094   8104.33989063  7891.92082517  4041.7408278 ]
 [ 1226.30459418  4118.17284124  4007.56741227  2054.43570018]] 

=========================== END =========================






======================= SETTINGS =======================
L =  16
K =  0.44068679351
h =  0
b =  2
layer =  2
nwarm =  5000
nmeas =  300000
interval =  10
ndata =  30000 

======================== RESULTS ========================
Mean Wolff cluster size =  0.544777535861 * 256 

y_t array =  [ 0.93028450+0.j  0.98783448+0.j  0.98891372+0.j  0.98470376+0.j
  0.97801185+0.j  0.97796037+0.j  0.97372817+0.j] 

y_h array =  [ 1.87149215+0.j  1.87455092+0.j  1.87460486+0.j  1.87466948+0.j] 

======================= SANITY CHECK ====================
MatA_even (lhs) =  [[  70.17906517   81.006976     46.24429056   85.81999445  179.40774912
    51.55648853   93.62940075]
 [  81.006976     99.58928889   51.56922844  103.12254578  220.30481244
    62.44012444  116.09006756]
 [  46.24429056   51.56922844   34.2737066    54.68737764  112.70396964
    35.01093902   58.2312325 ]
 [  85.81999445  103.12254578   54.68737764  114.20917305  232.91249038
    65.20392249  121.74724722]
 [ 179.40774912  220.30481244  112.70396964  232.91249038  506.86554105
   134.80589582  267.85136988]
 [  51.55648853   62.44012444   35.01093902   65.20392249  134.80589582
    46.47901156   69.74646684]
 [  93.62940075  116.09006756   58.2312325   121.74724722  267.85136988
    69.74646684  151.10152185]] 

MatC_even (rhs) =  [[  133.73685845   174.67428352    74.85451264   215.85001728
    459.55459157    96.08684459   255.99682133]
 [  157.16450133   206.49403911    87.68876267   255.812792     550.03800267
    112.95959911   310.93268889]
 [   87.27479808   113.36741924    49.40713109   139.25792352
    294.43686816    63.9075755    162.30416978]
 [  165.27450283   216.89218958    92.34114219   270.95294037
    579.84208299   118.31370212   326.76749511]
 [  347.60235349   457.13505358   193.91665685   569.89750304
   1227.22078432   248.93751278   698.42289511]
 [   99.58842027   130.60032782    55.85431253   160.55638507   343.5893472
     73.47995982   192.09881778]
 [  181.67263744   239.43836935   101.30327701   298.36465803
    644.75063755   129.93615548   369.25241156]] 

MatA_odd (lhs) =  [[  193.85413258   670.00415867   657.60685248   334.5521247 ]
 [  670.00415867  2436.35053333  2400.14052267  1213.094456  ]
 [  657.60685248  2400.14052267  2389.13376597  1200.26843264]
 [  334.5521247   1213.094456    1200.26843264   611.55242153]] 

MatC_odd (rhs) =  [[  709.33328051  2354.22710283  2275.01957515  1172.17546712]
 [ 2446.226648    8211.81741867  7987.505056    4091.841864  ]
 [ 2400.53191979  8066.55794688  7854.01837397  4020.62278016]
 [ 1222.10768645  4100.58714688  3989.77504064  2044.39408016]] 

=========================== END =========================






======================= SETTINGS =======================
L =  16
K =  0.44068679351
h =  0
b =  2
layer =  2
nwarm =  5000
nmeas =  300000
interval =  10
ndata =  30000 

======================== RESULTS ========================
Mean Wolff cluster size =  0.544557248975 * 256 

y_t array =  [ 0.94072709+0.j  0.99554198+0.j  0.99794987+0.j  0.99134820+0.j
  0.99297555+0.j  0.99293556+0.j  0.98937610+0.j] 

y_h array =  [ 1.87171438+0.j  1.87432121+0.j  1.87444061+0.j  1.87454895+0.j] 

======================= SANITY CHECK ====================
MatA_even (lhs) =  [[  68.87238933   79.27271787   45.62362667   83.75341867  173.89176747
    51.17425067   90.55156587]
 [  79.27271787   97.12525646   50.68088533  100.16671929  213.12996949
    61.74382791  112.10362162]
 [  45.62362667   50.68088533   34.0752       53.50112     109.549568
    34.97877333   56.56056533]
 [  83.75341867  100.16671929   53.50112     110.73620622  224.75642027
    64.25043911  117.12029084]
 [ 173.89176747  213.12996949  109.549568    224.75642027  486.56927744
   132.26714453  256.80704256]
 [  51.17425067   61.74382791   34.97877333   64.25043911  132.26714453
    46.22333156   68.41854436]
 [  90.55156587  112.10362162   56.56056533  117.12029084  256.80704256
    68.41854436  144.92912633]] 

MatC_even (rhs) =  [[  132.2002336    172.8429552     73.7240304    212.15479573
    452.09642027    95.11772053   250.89668267]
 [  154.64802539   203.49514393    85.93400075   250.48882937   539.0735205
    111.25319033   303.96134542]
 [   86.65652267   112.70165867    48.878384     137.33643733   290.765056
     63.64024533   159.41589333]
 [  162.1944512    213.16068729    90.26597013   264.73313636
    566.87660231   116.29043129   318.38849422]
 [  339.23007915   446.85118336   188.54118272   553.46572032
   1192.48846848   243.11801429   676.9791488 ]
 [   99.29313707   130.43021724    55.52615893   159.44011804
    341.60143929    73.31199858   190.47000178]
 [  177.02429419   233.28794108    98.34944395   288.99261746
    624.24612708   126.72864348   356.45142898]] 

MatA_odd (lhs) =  [[  195.04878698   673.77825614   661.95307692   336.43971795]
 [  673.77825614  2450.74073486  2415.82081394  1220.29011243]
 [  661.95307692  2415.82081394  2404.87893326  1207.94240011]
 [  336.43971795  1220.29011243  1207.94240011   615.00213317]] 

MatC_odd (rhs) =  [[  713.81459912  2370.87360713  2291.28306409  1181.09824468]
 [ 2460.96489771  8268.9473243   8044.14226062  4121.75453326]
 [ 2417.35524576  8129.1884293   7916.40973404  4053.3302102 ]
 [ 1229.31326469  4128.20028939  4017.01313227  2058.96201803]] 

=========================== END =========================






