======================= SETTINGS =======================
L =  32
K =  0.44068679351
h =  0
b =  2
nwarm =  10000
nmeas =  300000
interval =  10
ndata =  30000 

======================== RESULTS ========================
avg cluster size =  0.455669449345 * 1024 

y_t array =  [ 0.89934707+0.j  0.95947273+0.j  0.96131469+0.j  0.96164955+0.j
  0.95864251+0.j  0.95900584+0.j  0.95483984+0.j] 

y_h array =  [ 1.88071088+0.j  1.88030338+0.j  1.88030692+0.j  1.88073478+0.j] 

======================= SANITY CHECK ====================
MatA_even (lhs) =  [[  2168.62710926   2684.42262969   1313.64173468   3226.2506715
    6823.97870357   1555.63328924   3793.394049  ]
 [  2684.42262969   3452.71103822   1582.95731591   4134.34347449
    8807.21773813   1997.95587378   4918.17462436]
 [  1313.64173468   1582.95731591    870.08163833   1891.81864946
    3978.91809611    937.00011769   2198.25091975]
 [  3226.2506715    4134.34347449   1891.81864946   5143.56504718
   10874.57983168   2342.60475804   6112.80218297]
 [  6823.97870357   8807.21773813   3978.91809611  10874.57983168
   23309.30494277   4973.87636213  13142.69662197]
 [  1555.63328924   1997.95587378    937.00011769   2342.60475804
    4973.87636213   1260.11733156   2752.47125724]
 [  3793.394049     4918.17462436   2198.25091975   6112.80218297
   13142.69662197   2752.47125724   7528.94774606]] 

MatC_even (rhs) =  [[  4044.97021383   5658.67699385   2091.07491755   7024.06701952
   15383.51627321   3119.95220395   8912.78767403]
 [  5064.18916551   7111.40925476   2606.88875093   8861.1271904
   19514.41924196   3919.21527893  11405.90908053]
 [  2428.70106254   3383.71137287   1268.54693461   4181.89756779
    9116.98209436   1882.97779968   5242.60535616]
 [  6080.12941682   8540.03325028   3130.45850283  10723.33665664
   23607.2259658    4692.77924096  13852.87841152]
 [ 12881.03041365  18110.02398176   6623.67722795  22745.09400779
   50161.97975659   9950.90009301  29527.88880949]
 [  2935.39081529   4117.25263964   1514.00717227   5097.3603424
   11213.19962951   2295.00474027   6520.3852832 ]
 [  7164.57128903  10081.98064078   3681.06161835  12689.67651605
   28022.27360441   5534.17779541  16550.12850496]] 

MatA_odd (lhs) =  [[  35335.24261118  116605.57113792  112112.51347769   58025.71740516]
 [ 116605.57113792  386574.06712917  371829.00384427  192315.77596587]
 [ 112112.51347769  371829.00384427  358109.08575289  185077.41637689]
 [  58025.71740516  192315.77596587  185077.41637689   95788.29458489]] 

MatC_odd (rhs) =  [[  130124.31772039   431544.43296217   413366.72970823   215788.82353131]
 [  429317.59183189  1425105.35062656  1365871.87111424   712606.54450261]
 [  412767.48821618  1370300.65458062  1313471.41419804   685210.61735253]
 [  213650.04195058   709181.63343502   679717.83286898   354633.31195307]] 







======================= SETTINGS =======================
L =  32
K =  0.44068679351
h =  0
b =  2
nwarm =  10000
nmeas =  300000
interval =  10
ndata =  30000 

======================== RESULTS ========================
avg cluster size =  0.458396988407 * 1024 

y_t array =  [ 0.90363503+0.j  0.96709293+0.j  0.97071598+0.j  0.97493401+0.j
  0.97561736+0.j  0.97519216+0.j  0.97465846+0.j] 

y_h array =  [ 1.88080605+0.j  1.88036612+0.j  1.88029709+0.j  1.88063226+0.j] 

======================= SANITY CHECK ====================
MatA_even (lhs) =  [[  2140.1438634    2651.55645415   1294.74943563   3190.14848722
    6750.14173244   1534.23875239   3752.01284988]
 [  2651.55645415   3414.41062313   1561.08527109   4091.30651486
    8721.91985022   1972.90566857   4871.49989086]
 [  1294.74943563   1561.08527109    856.93559024   1868.25196603
    3929.46683867    923.62372432   2170.33645669]
 [  3190.14848722   4091.30651486   1868.25196603   5089.37401726
   10767.32119689   2316.83717737   6050.59075326]
 [  6750.14173244   8721.91985022   3929.46683867  10767.32119689
   23098.26398889   4923.65255156  13020.41266356]
 [  1534.23875239   1972.90566857    923.62372432   2316.83717737
    4923.65255156   1243.49002665   2727.67187604]
 [  3752.01284988   4871.49989086   2170.33645669   6050.59075326
   13020.41266356   2727.67187604   7458.38028926]] 

MatC_even (rhs) =  [[  4003.72479776   5602.18077291   2076.16882809   6945.92030802
   15227.77613924   3091.23271463   8808.52983762]
 [  5020.71896389   7053.40402677   2593.31395964   8777.98162633
   19346.69147186   3889.29036468  11293.31984393]
 [  2394.58813744   3338.49507189   1252.33717813   4122.15322789
    8997.79959659   1860.55372688   5166.55309029]
 [  6043.58450683   8488.61159051   3125.30052498  10641.0805634
   23441.08108466   4665.38653054  13732.07946366]
 [ 12814.69646533  18016.116968     6619.88248444  22587.90682356
   49845.42008711   9902.76198622  29296.03234356]
 [  2896.64570725   4068.62882741   1497.82598418   5033.17789097
   11083.57384967   2268.43420606   6438.8627475 ]
 [  7136.62931749  10038.24117984   3686.42233831  12609.83415273
   27855.80767666   5513.53135188  16424.369693  ]] 

MatA_odd (lhs) =  [[  35407.40795456  116862.35864142  112434.64609609   58185.19206071]
 [ 116862.35864142  387451.40320825  372899.94626532  192852.00195612]
 [ 112434.64609609  372899.94626532  359349.35744505  185705.46209799]
 [  58185.19206071  192852.00195612  185705.46209799   96106.88835406]] 

MatC_odd (rhs) =  [[  130398.67305989   432537.0388144    414287.35856764   216260.93283022]
 [  430286.13453902  1428531.01971285  1369034.91858034   714248.11582862]
 [  413982.38672436  1374518.56473899  1317393.9396854    687244.32525796]
 [  214248.88952951   711262.09898709   681656.63308217   355637.21812764]] 







======================= SETTINGS =======================
L =  32
K =  0.44068679351
h =  0
b =  2
nwarm =  10000
nmeas =  300000
interval =  10
ndata =  30000 

======================== RESULTS ========================
avg cluster size =  0.461993951613 * 1024 

y_t array =  [ 0.90253311+0.j  0.96520957+0.j  0.96580112+0.j  0.96778985+0.j
  0.96802672+0.j  0.96822471+0.j  0.96894679+0.j] 

y_h array =  [ 1.88081517+0.j  1.88044245+0.j  1.88041662+0.j  1.88079657+0.j] 

======================= SANITY CHECK ====================
MatA_even (lhs) =  [[  2138.25683513   2647.47689472   1298.1315658    3179.82819755
    6717.80482247   1531.11311502   3734.01709397]
 [  2647.47689472   3405.77321883   1562.63385339   4073.89396464
    8672.48058475   1965.22563173   4843.58333125]
 [  1298.1315658    1562.63385339    863.2347298    1866.91479888
    3919.3474518     924.12829502   2163.80416464]
 [  3179.82819755   4073.89396464   1866.91479888   5062.49024923
   10694.49753365   2305.26180027   6009.58816368]
 [  6717.80482247   8672.48058475   3919.3474518   10694.49753365
   22909.24227726   4889.27062364  12915.62841963]
 [  1531.11311502   1965.22563173    924.12829502   2305.26180027
    4889.27062364   1237.42280489   2706.5277608 ]
 [  3734.01709397   4843.58333125   2163.80416464   6009.58816368
   12915.62841963   2706.5277608    7400.72060571]] 

MatC_even (rhs) =  [[  3997.14042766   5598.68386844   2076.43092053   6938.50192043
   15204.16056064   3088.38477255   8790.49891698]
 [  5006.33095232   7042.76920533   2588.59037493   8758.70500528
   19296.90336459   3881.40302032  11254.93946427]
 [  2406.475345     3355.37320178   1265.0573072    4138.05315643
    9023.23439797   1868.95358988   5175.58647031]
 [  6008.61912128   8453.77682133   3109.9561264   10594.74943579
   23330.04153035   4645.31642661  13656.07291707]
 [ 12722.3157046   17914.15815822   6575.93320747  22456.18482197
   49533.09468629   9842.10599972  29089.22502436]
 [  2893.92813902   4066.84759111   1499.37231733   5022.87654053
   11055.38052747   2266.54338124   6415.43443511]
 [  7083.43503851   9980.50433067   3658.55368587  12534.54480603
   27677.93423904   5478.95208784  16308.0135912 ]] 

MatA_odd (lhs) =  [[  35561.96619989  117459.25525964  112993.28074178   58476.11726871]
 [ 117459.25525964  389720.5370282   375044.57120036  193964.83515854]
 [ 112993.28074178  375044.57120036  361380.80042489  186755.96784462]
 [  58476.11726871  193964.83515854  186755.96784462   96650.77129038]] 

MatC_odd (rhs) =  [[  130968.70877907   434496.5547672    416157.60763387   217214.89766129]
 [  432491.17023435  1436121.67539904  1376291.16622571   717954.48801746]
 [  416042.28119093  1381623.3904928   1324199.03715947   690721.03734204]
 [  215323.70801717   714966.78363285   685194.10411285   357445.62079762]] 







======================= SETTINGS =======================
L =  32
K =  0.44068679351
h =  0
b =  2
nwarm =  10000
nmeas =  300000
interval =  10
ndata =  30000 

======================== RESULTS ========================
avg cluster size =  0.457657478579 * 1024 

y_t array =  [ 0.89978845+0.j  0.96270514+0.j  0.96444774+0.j  0.96286073+0.j
  0.96285734+0.j  0.96276462+0.j  0.96483915+0.j] 

y_h array =  [ 1.88044687+0.j  1.88005447+0.j  1.88001523+0.j  1.88033844+0.j] 

======================= SANITY CHECK ====================
MatA_even (lhs) =  [[  2125.26711237   2630.97849653   1288.86688587   3163.80949867
    6685.06637483   1528.83423189   3718.30622176]
 [  2630.97849653   3384.74012267   1552.633936     4055.17402667
    8632.55627947   1964.22111147   4825.39163413]
 [  1288.86688587   1552.633936      855.90890489   1855.48958222
    3897.87712569    922.02771769   2154.0047648 ]
 [  3163.80949867   4055.17402667   1855.48958222   5047.33528889
   10664.07141689   2304.81520356   5998.68754133]
 [  6685.06637483   8632.55627947   3897.87712569  10664.07141689
   22848.3551562    4888.74637113  12895.01920171]
 [  1528.83423189   1964.22111147    922.02771769   2304.81520356
    4888.74637113   1242.81029006   2708.20715264]
 [  3718.30622176   4825.39163413   2154.0047648    5998.68754133
   12895.01920171   2708.20715264   7396.61649344]] 

MatC_even (rhs) =  [[  3965.30717157   5561.08610096   2053.63272869   6883.01641648
   15096.97097883   3072.54578491   8738.61401936]
 [  4965.7302992    6993.81977013   2560.2863888    8690.26826507
   19164.04919947   3860.58683253  11193.03124213]
 [  2382.99854631   3327.34195858   1247.07380391   4097.46062596
    8945.81569013   1856.43499076   5137.25225724]
 [  5960.85943644   8398.69334578   3073.87793244  10518.69527289
   23186.29359467   4622.86868089  13593.43846578]
 [ 12625.49628274  17802.92985628   6505.04282055  22301.06125881
   49250.19121664   9796.07758052  28968.41811655]
 [  2884.12406514   4058.14919922   1490.04164082   5008.40509028
   11033.33107157   2264.90642958   6411.57811015]
 [  7034.76154656   9925.96009824   3622.45515851  12458.98505312
   27545.66171104   5456.97519989  16257.12208117]] 

MatA_odd (lhs) =  [[  35540.66169322  117339.49558098  112897.91152436   58413.4764004 ]
 [ 117339.49558098  389151.610081    374559.25919474  193677.18965568]
 [ 112897.91152436  374559.25919474  360970.56036686  186510.75263712]
 [  58413.4764004   193677.18965568  186510.75263712   96504.55283696]] 

MatC_odd (rhs) =  [[  130856.83796318   434033.77707804   415658.11147333   216959.63845173]
 [  431939.3469899   1433950.48620601  1374043.293408     716793.96048128]
 [  415585.8153229   1379794.26878919  1322272.827472     689728.68165419]
 [  215036.61611763   713858.81598464   684045.955176     356852.41587349]] 







======================= SETTINGS =======================
L =  32
K =  0.44068679351
h =  0
b =  2
nwarm =  10000
nmeas =  300000
interval =  10
ndata =  30000 

======================== RESULTS ========================
avg cluster size =  0.460892357611 * 1024 

y_t array =  [ 0.90363849+0.j  0.96210343+0.j  0.96278381+0.j  0.96161208+0.j
  0.96197890+0.j  0.96287780+0.j  0.96216075+0.j] 

y_h array =  [ 1.88071720+0.j  1.88037161+0.j  1.88037501+0.j  1.88072179+0.j] 

======================= SANITY CHECK ====================
MatA_even (lhs) =  [[  2124.01634985   2626.84154514   1288.55210667   3155.75346853
    6675.10967895   1521.31220407   3708.32241115]
 [  2626.84154514   3376.00997198   1549.61877333   4039.67593653
    8609.69534233   1951.68330158   4805.22500768]
 [  1288.55210667   1549.61877333    856.86506667   1851.5472
    3893.38549333    918.31477333   2150.32512   ]
 [  3155.75346853   4039.67593653   1851.5472       5026.607324
   10628.0585208    2288.4279752    5969.5863976 ]
 [  6675.10967895   8609.69534233   3893.38549333  10628.0585208
   22793.26888958   4859.95718473  12844.99212325]
 [  1521.31220407   1951.68330158    918.31477333   2288.4279752
    4859.95718473   1232.22121385   2689.55162715]
 [  3708.32241115   4805.22500768   2150.32512      5969.5863976
   12844.99212325   2689.55162715   7356.32605424]] 

MatC_even (rhs) =  [[  3973.56340725   5560.96000489   2065.08964155   6888.49982549
   15084.41543276   3072.27155662   8721.86625141]
 [  4967.59370005   6981.44943378   2570.46664075   8682.80390656
   19115.64563268   3853.11800818  11151.58137195]
 [  2391.95594667   3331.51946667   1256.95178667   4104.69290667
    8946.66048      1859.27786667   5132.92938667]
 [  5957.95544373   8374.99348667   3084.51237893  10503.07911253
   23112.09007173   4603.88559467  13538.16186293]
 [ 12630.89814368  17771.59647511   6532.27713819  22285.75360597
   49131.27895017   9769.00767538  28872.27262432]
 [  2881.68187125   4043.59902711   1495.50253755   4992.79409749
   10979.80495454   2259.30785884   6370.53232075]
 [  7024.37833163   9890.58184133   3630.27786277  12427.98965675
   27430.98563216   5432.48689387  16174.15123104]] 

MatA_odd (lhs) =  [[  35628.33173056  117694.38948578  113219.61599156   58604.26353289]
 [ 117694.38948578  390552.5911722   375843.05704199  194412.18496263]
 [ 113219.61599156  375843.05704199  362139.19892985  187185.69616206]
 [  58604.26353289  194412.18496263  187185.69616206   96892.05748558]] 

MatC_odd (rhs) =  [[  131204.21233711   435254.645048     416963.30790444   217653.78623111]
 [  433330.5020523   1438835.49785984  1379171.31526436   719511.44172516]
 [  416848.09447847  1384225.07430528  1326954.12178738   692211.50324764]
 [  215781.17812988   716442.06305579   686745.78637618   358284.35464391]] 







