======================= SETTINGS =======================
L =  64
K =  0.44068679351
h =  0
b =  2
layer =  2
nwarm =  10000
nmeas =  600000
interval =  20
ndata =  30000 

======================== RESULTS ========================
Mean Wolff cluster size =  0.385902872054 * 4096 

y_t array =  [ 0.96566463+0.j  1.00645881+0.j  1.00768266+0.j  1.00564848+0.j
  1.00260364+0.j  1.00255723+0.j  1.00234822+0.j] 

y_h array =  [ 1.87619459+0.j  1.87629207+0.j  1.87625398+0.j  1.87633528+0.j] 

======================= SANITY CHECK ====================
MatA_even (lhs) =  [[  2159.97508976   2645.12658245   1316.84356549   3195.89348928
    6734.37506768   1526.49019147   3740.07603301]
 [  2645.12658245   3371.76628677   1572.25623792   4056.92508736
    8612.28127483   1943.07452427   4807.05005883]
 [  1316.84356549   1572.25623792    877.47741723   1889.40504981
    3961.19131088    927.79054347   2187.10582288]
 [  3195.89348928   4056.92508736   1889.40504981   5068.56556117
   10679.36399637   2288.02744107   5997.12009237]
 [  6734.37506768   8612.28127483   3961.19131088  10679.36399637
   22826.51467646   4838.81273973  12859.11289691]
 [  1526.49019147   1943.07452427    927.79054347   2288.02744107
    4838.81273973   1223.60403733   2676.40863307]
 [  3740.07603301   4807.05005883   2187.10582288   5997.12009237
   12859.11289691   2676.40863307   7364.37440624]] 

MatC_even (rhs) =  [[  4218.3514584    5559.36530101   2366.11769035   7064.43888667
   15207.62684587   2992.81969808   8763.84176907]
 [  5237.26681413   6929.40030816   2935.95711349   8832.47147333
   19121.1307904    3727.12865296  11121.3407088 ]
 [  2544.90040773   3343.63967755   1435.34844021   4232.36688667
    9075.7439872    1816.73017061   5193.41461173]
 [  6315.54334187   8356.11132971   3544.79743104  10732.58162667
   23226.2581376    4474.09908757  13559.4235072 ]
 [ 13335.65045342  17658.70075424   7482.2133178   22687.11372667
   49186.14804338   9453.47392588  28808.41825653]
 [  3024.836632     3997.7732064    1696.9768864    5058.60273333
   10941.470016     2176.98866507   6332.063152  ]
 [  7416.7227112    9827.25679691   4163.34233824  12653.62719333
   27460.57677227   5255.55947077  16139.11473653]] 

MatA_odd (lhs) =  [[  35422.348864    116629.3712926   112257.78699538   58023.92859384]
 [ 116629.3712926   385801.88301646  371462.09646862  191891.48356043]
 [ 112257.78699538  371462.09646862  358106.06079289  184852.23916693]
 [  58023.92859384  191891.48356043  184852.23916693   95556.97811824]] 

MatC_odd (rhs) =  [[  130037.37804046   427558.63860768   410454.01082183   212832.86891339]
 [  428075.51597641  1408864.07760085  1353273.7548123    701357.51062741]
 [  412030.30022276  1356192.11860053  1302799.65235769   675150.74544213]
 [  212980.86385315   700929.62115648   673286.41443925   348947.58426859]] 

=========================== END =========================






======================= SETTINGS =======================
L =  64
K =  0.44068679351
h =  0
b =  2
layer =  2
nwarm =  10000
nmeas =  600000
interval =  20
ndata =  30000 

======================== RESULTS ========================
Mean Wolff cluster size =  0.383352843238 * 4096 

y_t array =  [ 0.97449189+0.j  1.00897596+0.j  1.01033143+0.j  1.00855516+0.j
  1.00822122+0.j  1.00821913+0.j  1.00569678+0.j] 

y_h array =  [ 1.87569866+0.j  1.87581996+0.j  1.87579708+0.j  1.87586377+0.j] 

======================= SANITY CHECK ====================
MatA_even (lhs) =  [[  2174.23460037   2673.95989739   1322.80237397   3228.44097797
    6815.04165936   1539.67390277   3784.86203851]
 [  2673.95989739   3419.57045163   1585.59511552   4112.43485419
    8743.09221781   1967.40078059   4879.80793045]
 [  1322.80237397   1585.59511552    880.7012938    1902.00482446
    3995.09337287    933.94218126   2204.96181077]
 [  3228.44097797   4112.43485419   1902.00482446   5139.32638846
   10844.9105422    2315.5267586    6091.01172811]
 [  6815.04165936   8743.09221781   3995.09337287  10844.9105422
   23208.79772713   4904.66105207  13076.59972256]
 [  1539.67390277   1967.40078059    933.94218126   2315.5267586
    4904.66105207   1236.70583806   2713.09202891]
 [  3784.86203851   4879.80793045   2204.96181077   6091.01172811
   13076.59972256   2713.09202891   7487.39021931]] 

MatC_even (rhs) =  [[  4272.26018085   5631.95364869   2388.9435176    7157.07750571
   15406.97577371   3025.96151147   8880.33337488]
 [  5316.79276736   7038.26962581   2968.5756768    8969.33372672
   19419.86208405   3777.1076864   11295.06214251]
 [  2574.69785543   3381.43257998   1449.22033493   4279.62539264
    9176.22185842   1835.57501013   5253.18947186]
 [  6407.4305741    8488.24361598   3581.6644616   10896.33329664
   23587.15352908   4534.87029013  13768.74732652]
 [ 13556.41371124  17970.86678668   7574.11856507  23075.18794069
   50034.58617492   9599.21338987  29299.41182814]
 [  3060.21064983   4048.69471252   1710.8725736    5129.17446144
   11094.01525388   2201.66339947   6423.60273879]
 [  7535.95472992   9996.77309856   4210.37226293  12863.75461717
   27928.61627851   5331.49715413  16408.97358048]] 

MatA_odd (lhs) =  [[  35287.34449705  116198.51883324  111829.85743918   57812.27600069]
 [ 116198.51883324  384417.89687289  370100.52341724  191208.21757813]
 [ 111829.85743918  370100.52341724  356767.47813198  184178.50999883]
 [  57812.27600069  191208.21757813  184178.50999883   95219.42723056]] 

MatC_odd (rhs) =  [[  129497.24767627   425579.06488615   408717.79966948   211876.99979705]
 [  426358.120528    1402577.51754276  1347783.78292338   698318.71969991]
 [  410327.44627093  1349983.25155335  1297378.46838841   672147.01963918]
 [  212135.31309493   697828.55003317   670580.09661099   347451.35823403]] 

=========================== END =========================






======================= SETTINGS =======================
L =  64
K =  0.44068679351
h =  0
b =  2
layer =  2
nwarm =  10000
nmeas =  600000
interval =  20
ndata =  30000 

======================== RESULTS ========================
Mean Wolff cluster size =  0.385651503266 * 4096 

y_t array =  [ 0.95403918+0.j  0.99125146+0.j  0.99305282+0.j  0.99475334+0.j
  0.99642153+0.j  0.99638226+0.j  0.99421163+0.j] 

y_h array =  [ 1.87559008+0.j  1.87572575+0.j  1.87571706+0.j  1.87577471+0.j] 

======================= SANITY CHECK ====================
MatA_even (lhs) =  [[  2144.82656667   2626.123016     1306.82128533   3180.04617067
    6696.23657867   1513.132816     3725.59137333]
 [  2626.123016     3348.69186212   1559.12764743   4037.55187442
    8565.10485881   1928.21052345   4789.00477618]
 [  1306.82128533   1559.12764743    870.25424526   1877.8015963
    3934.35606002    916.9835301    2175.35240036]
 [  3180.04617067   4037.55187442   1877.8015963    5056.54549305
   10644.50711026   2276.38817308   5986.52060516]
 [  6696.23657867   8565.10485881   3934.35606002  10644.50711026
   22735.242513     4812.75895481  12829.63759324]
 [  1513.132816     1928.21052345    916.9835301    2276.38817308
    4812.75895481   1212.57571812   2668.35376284]
 [  3725.59137333   4789.00477618   2175.35240036   5986.52060516
   12829.63759324   2668.35376284   7361.43146489]] 

MatC_even (rhs) =  [[  4155.14888133   5475.13931467   2325.64657867   6978.45449067
   15022.70341333   2934.48513067   8662.83805867]
 [  5152.01686901   6817.50015879   2880.70299925   8715.58215495
   18875.14611058   3649.6026698   10989.81379072]
 [  2504.08076096   3290.55998052   1408.25346091   4176.95854137
    8955.55903716   1781.29879239   5126.74943317]
 [  6234.48126059   8251.91067748   3492.14155648  10625.25106318
   23002.72657209   4399.13643634  13440.26262101]
 [ 13162.92542176  17430.12498354   7372.94576277  22447.66275399
   48679.83269404   9289.44198457  28536.43468971]
 [  2965.39398635   3921.84200946   1658.01922859   4981.85941362
   10780.18461724   2127.23624846   6248.90492672]
 [  7332.98316853   9718.18327076   4107.0297888   12539.80307982
   27225.97334756   5173.43489138  16013.81219413]] 

MatA_odd (lhs) =  [[  35336.54610318  116347.70043278  111980.82621383   57883.23541646]
 [ 116347.70043278  384834.38899172  370510.7957477   191403.84010553]
 [ 111980.82621383  370510.7957477   357174.02069326  184372.57692146]
 [  57883.23541646  191403.84010553  184372.57692146   95312.26604345]] 

MatC_odd (rhs) =  [[  129668.04751893   426245.71949056   409289.59012892   212184.71546268]
 [  426850.25670827  1404477.78911616  1349345.99860039   699179.83225842]
 [  410824.9534592   1351873.76306325  1298924.12371492   673000.33266724]
 [  212367.52101973   698735.95606997   671319.0587109    347858.81732167]] 

=========================== END =========================






======================= SETTINGS =======================
L =  64
K =  0.44068679351
h =  0
b =  2
layer =  2
nwarm =  10000
nmeas =  600000
interval =  20
ndata =  30000 

======================== RESULTS ========================
Mean Wolff cluster size =  0.38537520812 * 4096 

y_t array =  [ 0.96628489+0.j  1.00046551+0.j  1.00221419+0.j  1.00089650+0.j
  1.00101783+0.j  1.00093454+0.j  0.99986029+0.j] 

y_h array =  [ 1.87590154+0.j  1.87602277+0.j  1.87602114+0.j  1.87610856+0.j] 

======================= SANITY CHECK ====================
MatA_even (lhs) =  [[  2149.77247003   2638.99342427   1311.41546117   3185.73687184
    6725.21227765   1517.46759611   3735.94331899]
 [  2638.99342427   3371.57587156   1569.82261218   4053.31905218
    8618.55655342   1935.4824904    4810.70866676]
 [  1311.41546117   1569.82261218    874.17860052   1883.31166985
    3955.62768786    922.19838203   2184.53940652]
 [  3185.73687184   4053.31905218   1883.31166985   5063.03847252
   10685.57221586   2276.53009136   6001.07520119]
 [  6725.21227765   8618.55655342   3955.62768786  10685.57221586
   22870.46906873   4822.59523595  12883.32349806]
 [  1517.46759611   1935.4824904     922.19838203   2276.53009136
    4822.59523595   1215.73901509   2666.86883461]
 [  3735.94331899   4810.70866676   2184.53940652   6001.07520119
   12883.32349806   2666.86883461   7374.47276073]] 

MatC_even (rhs) =  [[  4200.23156693   5529.89551243   2351.75787968   7026.0815896
   15125.5311992    2969.79376507   8726.87297179]
 [  5217.73435378   6899.26566382   2915.94717547   8793.20165822
   19037.86821644   3702.10713289  11087.70842587]
 [  2537.15703396   3330.63367122   1428.75494592   4213.43188684
    9035.56808702   1807.41434071   5175.86361861]
 [  6288.92460729   8318.48677522   3519.77161792  10683.57872684
   23124.61130036   4442.72376738  13519.77986661]
 [ 13307.38495431  17613.68430201   7449.05704149  22623.37320409
   49052.84818151   9405.76136302  28768.42849611]
 [  3002.55522773   3968.81903904   1678.83332672   5020.28915173
   10858.36895013   2160.0985336    6290.56345915]
 [  7400.63076764   9803.69889668   4142.60614549  12617.53105076
   27387.71570818   5229.20044969  16115.78019877]] 

MatA_odd (lhs) =  [[  35515.30800512  116984.90380375  112602.8677766    58212.50135497]
 [ 116984.90380375  387117.38509305  372753.71313593  192582.5803013 ]
 [ 112602.8677766   372753.71313593  359371.61137465  185528.19395399]
 [  58212.50135497  192582.5803013   185528.19395399   95918.22551033]] 

MatC_odd (rhs) =  [[  130352.15596717   428602.12656645   411507.06627275   213368.52951316]
 [  429297.32119029  1412914.66914795  1357325.45855019   703423.25592324]
 [  413211.64542357  1360110.48542165  1306730.35414955   677144.99040548]
 [  213632.17871179   703090.01177749   675443.07360811   350049.74373607]] 

=========================== END =========================






======================= SETTINGS =======================
L =  64
K =  0.44068679351
h =  0
b =  2
layer =  2
nwarm =  10000
nmeas =  600000
interval =  20
ndata =  30000 

======================== RESULTS ========================
Mean Wolff cluster size =  0.387124959977 * 4096 

y_t array =  [ 0.96656759+0.j  1.00269512+0.j  1.00452366+0.j  1.00335878+0.j
  1.00331790+0.j  1.00330684+0.j  1.00328795+0.j] 

y_h array =  [ 1.87572971+0.j  1.87588260+0.j  1.87583387+0.j  1.87593119+0.j] 

======================= SANITY CHECK ====================
MatA_even (lhs) =  [[  2175.47711993   2670.43834272   1326.37120053   3221.0240603
    6799.23624722   1537.61057351   3778.38269458]
 [  2670.43834272   3409.32698096   1587.14496293   4097.04452011
    8710.50364059   1959.95429653   4864.6468824 ]
 [  1326.37120053   1587.14496293    883.19732933   1903.37928107
    3996.85374587    934.526032     2207.39139067]
 [  3221.0240603    4097.04452011   1903.37928107   5112.51505038
   10788.01745266   2307.54779591   6061.59553138]
 [  6799.23624722   8710.50364059   3996.85374587  10788.01745266
   23083.83276073   4888.51692196  13014.46270036]
 [  1537.61057351   1959.95429653    934.526032     2307.54779591
    4888.51692196   1230.77503289   2706.15229689]
 [  3778.38269458   4864.6468824    2207.39139067   6061.59553138
   13014.46270036   2706.15229689   7459.14504489]] 

MatC_even (rhs) =  [[  4251.28635385   5587.76313593   2384.51886286   7105.37107015
   15312.3307941    3001.98051989   8824.54096053]
 [  5286.14911861   6973.61436405   2962.32574219   8895.64431339
   19279.19816576   3740.87000075  11212.3541096 ]
 [  2564.04914613   3359.5959472    1446.78666187   4255.7087072
    9135.09211093   1822.7885008    5227.861996  ]
 [  6366.82484281   8401.82435897   3571.66125284  10798.88813852
   23398.36308508   4487.50643712  13656.17906773]
 [ 13472.342631    17792.18082322   7556.45507282  22872.06069966
   49639.31682574   9499.91277749  29063.97670587]
 [  3041.55554204   4007.61206684   1706.36208284   5082.06349796
   11003.61280142   2175.73972693   6369.20709867]
 [  7499.00158098   9909.99048124   4207.05885991  12764.31549902
   27734.79824996   5284.7968752   16292.91925733]] 

MatA_odd (lhs) =  [[  35286.027357    116207.08727588  111868.23329998   57809.71075204]
 [ 116207.08727588  384488.38676452  370260.98018617  191220.42308366]
 [ 111868.23329998  370260.98018617  357011.85428793  184238.38696548]
 [  57809.71075204  191220.42308366  184238.38696548   95215.46658638]] 

MatC_odd (rhs) =  [[  129495.20101457   425604.13008188   408645.50856288   211862.5462718 ]
 [  426382.55950126  1402736.14703943  1347597.80925397   698307.93539719]
 [  410463.65577561  1350522.22739954  1297568.73959552   672326.44158855]
 [  212125.23655945   697839.52088626   670428.92031296   347413.0953109 ]] 

=========================== END =========================






