================== SETTINGS ==================
L =  8 

K =  0.44068679351 

h =  0 

b =  2 

nwarm =  10000 

nmeas =  200000 

interval =  10 

ndata =  20000 

================== RESULTS ===================
avg cluster size =  0.644299107143 * 64 

MatA_even (lhs) =  [[  69.33158656   81.3376224    45.27760064   84.92278976  178.92189568
    51.83964416   93.89000064]
 [  81.3376224   101.357596     51.0869656   103.3598504   223.2597072
    63.4279264   118.0052656 ]
 [  45.27760064   51.0869656    33.48837616   53.59168144  111.14018592
    34.82285504   57.64667616]
 [  84.92278976  103.3598504    53.59168144  113.04659696  232.71842528
    65.62831936  122.47418144]
 [ 178.92189568  223.2597072   111.14018592  232.71842528  510.81709504
   136.79262848  271.76918592]
 [  51.83964416   63.4279264    34.82285504   65.62831936  136.79262848
    47.04939776   71.13605504]
 [  93.89000064  118.0052656    57.64667616  122.47418144  271.76918592
    71.13605504  153.61607616]] 

MatC_even (rhs) =  [[  128.10794528   178.28853632    66.78499456   212.86776512
    462.20685952    99.6269696    258.33922048]
 [  152.7832412    214.1305728     78.9387424    256.4736248    562.2185008
    119.071784     318.8210992 ]
 [   82.76503832   114.30622208    43.92595264   135.74634928
    292.26968288    65.4295824    161.31903712]
 [  158.39243688   221.52764672    82.10275776   267.78451152
    583.80527392   123.1256816    329.84120608]
 [  335.04850384   470.41860096   172.76611968   567.20696736
   1245.30229056   260.8046688    711.63834944]
 [   97.46989408   135.96612352    50.93513216   161.88580032
    352.74751872    77.6353856    197.48576128]
 [  176.05398832   247.54622208    90.63355264   298.72024928
    657.39908288   136.8993824    377.98603712]] 

MatA_odd (lhs) =  [[  194.72209664   676.96002176   663.66967488   338.15350464]
 [  676.96002176  2470.92776384  2432.31445792  1229.88409376]
 [  663.66967488  2432.31445792  2420.21891696  1216.70831088]
 [  338.15350464  1229.88409376  1216.70831088   620.22481264]] 

MatC_odd (rhs) =  [[  714.54068912  2396.88319488  2310.99368704  1197.45882144]
 [ 2478.81086808  8402.02233792  8154.90465536  4198.70708496]
 [ 2429.75499604  8245.26225696  8010.67223168  4120.64438648]
 [ 1238.87717812  4197.25453088  4074.21797504  2098.58293944]] 

y_t array =  [ 0.88577527+0.j  0.96578945+0.j  0.96778725+0.j  0.96399909+0.j
  0.93126896+0.j  0.93181670+0.j  0.93279545+0.j] 

y_h array =  [ 1.87559956+0.j  1.87832108+0.j  1.87829764+0.j  1.87857820+0.j] 

