======================= SETTINGS =======================
L =  64
K =  0.44068679351
h =  0
b =  2
layer =  1
nwarm =  10000
nmeas =  300000
interval =  20
ndata =  15000 

======================== RESULTS ========================
Mean Wolff cluster size =  0.385842395413 * 4096 

y_t array =  [ 0.91314263+0.j  0.96276885+0.j  0.96546548+0.j  0.96241114+0.j
  0.96432401+0.j  0.96468123+0.j  0.95906165+0.j] 

y_h array =  [ 1.88115513+0.j  1.88056843+0.j  1.88062538+0.j  1.88092375+0.j] 

======================= SANITY CHECK ====================
MatA_even (lhs) =  [[  10683.21605376   13417.86231125    6361.44249685   16411.91176448
    34955.87487829    7563.94799019   19763.42377472]
 [  13417.86231125   17399.53220153    7805.40079673   21222.11782372
    45476.09471943    9795.54031673   25817.57908935]
 [   6361.44249685    7805.40079673    4098.67146126    9505.44683918
    20147.7398437     4473.24938126   11329.29122588]
 [  16411.91176448   21222.11782372    9505.44683918   26714.58614926
    56904.83226652   11739.16171918   32479.92474567]
 [  34955.87487829   45476.09471943   20147.7398437    56904.83226652
   122552.38340238   25093.30133703   70137.44957668]
 [   7563.94799019    9795.54031673    4473.24938126   11739.16171918
    25093.30133703    5944.30570126   14144.95927922]
 [  19763.42377472   25817.57908935   11329.29122588   32479.92474567
    70137.44957668   14144.95927922   40668.23429006]] 

MatC_even (rhs) =  [[  20118.02458624   28187.49847765   10444.36867541   35155.27784747
    77233.94569045   15436.81144448   45044.40881067]
 [  25486.75550208   35835.85581255   13181.42186069   44842.5495936
    98985.25955015   19620.55398372   58162.91440356]
 [  11879.11878315   16587.73279175    6221.33086549   20603.4844416
    45093.89729735    9142.07339918   26135.32891022]
 [  31116.60162219   43764.4868598    16100.09655851   55147.5265984
   121699.17446087   23890.17372259   71741.76140089]
 [  66422.13482837   93468.25716494   34342.07191168  117779.83661013
   260311.56244707   51024.68447986  153867.66733511]
 [  14367.90448981   20188.29231175    7439.25667883   25115.2052416
    55410.27361735   11166.89841252   32426.36624356]
 [  37556.74817195   52895.37834126   19397.23666176   66777.83360427
   147757.54918286   28853.46597234   87584.19561244]] 

MatA_odd (lhs) =  [[  478973.14196132  1575416.7624448   1512275.15310592   783997.37585692]
 [ 1575416.7624448   5188550.114304    4981074.62833493  2581822.42476373]
 [ 1512275.15310592  4981074.62833493  4783760.05020331  2478987.04666283]
 [  783997.37585692  2581822.42476373  2478987.04666283  1285208.1962826 ]] 

MatC_odd (rhs) =  [[  1764392.81502151   5849583.11500174   5600047.35530411
    2924657.34408967]
 [  5803053.36285867  19244249.18739627  18426404.71002453
    9621717.09392213]
 [  5570412.77426347  18473186.05686784  17688590.79545515
    9236223.84975019]
 [  2887887.83882809   9576769.9441334    9169837.41444779
    4788247.40267577]] 

=========================== END =========================






======================= SETTINGS =======================
L =  64
K =  0.44068679351
h =  0
b =  2
layer =  1
nwarm =  10000
nmeas =  300000
interval =  20
ndata =  15000 

======================== RESULTS ========================
Mean Wolff cluster size =  0.384508395287 * 4096 

y_t array =  [ 0.90434108+0.j  0.96576797+0.j  0.96687921+0.j  0.96749832+0.j
  0.97070934+0.j  0.97154480+0.j  0.97002332+0.j] 

y_h array =  [ 1.88116004+0.j  1.88052782+0.j  1.88051007+0.j  1.88075450+0.j] 

======================= SANITY CHECK ====================
MatA_even (lhs) =  [[  10606.38460011   13302.51556565    6328.10765824   16271.41035371
    34633.98358123    7507.67282283   19581.90017387]
 [  13302.51556565   17230.21861518    7749.03680228   21021.61383979
    45026.35582279    9715.11904981   25563.98312604]
 [   6328.10765824    7749.03680228    4093.4985546     9430.95205717
    19976.1237942     4449.72366336   11234.43830898]
 [  16271.41035371   21021.61383979    9430.95205717   26487.53302464
    56395.40454763   11640.58409323   32199.0310752 ]
 [  34633.98358123   45026.35582279   19976.1237942    56395.40454763
   121427.902993     24889.01638251   69518.47122169]
 [   7507.67282283    9715.11904981    4449.72366336   11640.58409323
    24889.01638251    5904.60688491   14034.4157408 ]
 [  19581.90017387   25563.98312604   11234.43830898   32199.0310752
    69518.47122169   14034.4157408    40326.61162489]] 

MatC_even (rhs) =  [[  19851.85812224   27837.86284096   10241.13134741   34752.86162688
    76311.31084757   15292.90474411   44462.49294315]
 [  25165.17263872   35406.9522331    12937.48977735   44334.32965575
    97789.90601472   19440.95577543   57409.47124011]
 [  11746.83234304   16410.02271972    6113.79133212   20411.69272092
    44626.85077504    9094.12539335   25835.09389141]
 [  30763.04748117   43284.44609003   15832.83642261   54575.30566741
   120321.38788651   23686.78799104   70878.96520768]
 [  65651.27715243   92413.26430215   33764.10547748  116523.07882468
   257264.90656043   50573.06672612  151947.29307286]
 [  14216.28615936   19981.56649877    7324.77674645   24879.89481899
    54825.90724736   11090.46803883   32062.19236672]
 [  37165.6912512    52348.74040924   19102.36450596   66132.03030329
   146142.55487787   28626.83618276   86560.1086624 ]] 

MatA_odd (lhs) =  [[  475807.40783438  1565022.77758208  1502996.87684651   779174.36088057]
 [ 1565022.77758208  5154526.00187904  4950651.72944725  2566023.05371051]
 [ 1502996.87684651  4950651.72944725  4756673.63202816  2464942.88535765]
 [  779174.36088057  2566023.05371051  2464942.88535765  1277905.89967353]] 

MatC_odd (rhs) =  [[  1752737.17347847   5808934.89838123   5561166.68975161
    2904302.03945145]
 [  5764738.68787968  19110633.22147328  18298579.74969003
    9554739.43903061]
 [  5536257.42446464  18353606.62655744  17574157.44986795
    9176250.31944277]
 [  2870116.50404572   9514575.83842688   9110313.76276878
    4757057.4453531 ]] 

=========================== END =========================






======================= SETTINGS =======================
L =  64
K =  0.44068679351
h =  0
b =  2
layer =  1
nwarm =  10000
nmeas =  300000
interval =  20
ndata =  15000 

======================== RESULTS ========================
Mean Wolff cluster size =  0.386430238785 * 4096 

y_t array =  [ 0.90074817+0.j  0.95853551+0.j  0.95961409+0.j  0.96022259+0.j
  0.95946713+0.j  0.95931183+0.j  0.96086087+0.j] 

y_h array =  [ 1.88129308+0.j  1.88055627+0.j  1.88058897+0.j  1.88095041+0.j] 

======================= SANITY CHECK ====================
MatA_even (lhs) =  [[  10693.48025572   13442.95209643    6356.10099371   16445.81917355
    35099.69337742    7597.30255986   19823.94406741]
 [  13442.95209643   17444.45633536    7802.66962944   21276.47294635
    45680.2572672     9850.89373355   25908.90480555]
 [   6356.10099371    7802.66962944    4093.98953643    9512.10699605
    20202.02416213    4483.17510485   11353.86312619]
 [  16445.81917355   21276.47294635    9512.10699605   26772.94926251
    57129.80020693   11808.89202944   32566.38929877]
 [  35099.69337742   45680.2572672    20202.02416213   57129.80020693
   123268.04449955   25295.62092871   70461.10872427]
 [   7597.30255986    9850.89373355    4483.17510485   11808.89202944
    25295.62092871    5996.83169593   14251.93938304]
 [  19823.94406741   25908.90480555   11353.86312619   32566.38929877
    70461.10872427   14251.93938304   40784.26195904]] 

MatC_even (rhs) =  [[  19965.09075172   28043.08647879   10290.18961749   35000.80322105
    76982.35132928   15425.12150073   44903.12246272]
 [  25353.41421909   35713.11172181   13025.79312043   44723.26044843
    98795.25977941   19632.34100224   58054.29699925]
 [  11771.21881771   16484.79127125    6114.98775637   20484.66560171
    44886.53198165    9127.86820096   26008.49833301]
 [  30988.30943488   43669.19654357   15922.21995221   55028.72428288
   121517.68475904   23934.95590912   71625.23229696]
 [  66251.07263075   93423.01896071   34023.0328352   117719.42921742
   260348.84566826   51220.76024036  153886.9952384 ]
 [  14324.44540786   20150.69864206    7367.74710741   25095.72617586
    55416.62818731   11173.77111836   32435.99830869]
 [  37475.34904875   52878.10384917   19241.72119275   66746.42235008
   147771.80673664   28966.56498859   87591.18535936]] 

MatA_odd (lhs) =  [[  477330.99828933  1569537.2915232   1506898.92342507   781251.33186293]
 [ 1569537.2915232   5167578.13891726  4961811.13752092  2571968.10830379]
 [ 1506898.92342507  4961811.13752092  4766077.76023865  2469965.21172011]
 [  781251.33186293  2571968.10830379  2469965.21172011  1280594.84876736]] 

MatC_odd (rhs) =  [[  1758511.80053573   5829531.95520107   5580074.78527147
    2914723.47082827]
 [  5781879.42165995  19172015.97658368  18354590.09933767
    9585865.97399197]
 [  5551087.85347136  18407126.30244949  17622777.79524494
    9203448.13302713]
 [  2878025.16244384   9543019.18373504   9136168.91680768
    4771493.22855189]] 

=========================== END =========================






======================= SETTINGS =======================
L =  64
K =  0.44068679351
h =  0
b =  2
layer =  1
nwarm =  10000
nmeas =  300000
interval =  20
ndata =  15000 

======================== RESULTS ========================
Mean Wolff cluster size =  0.383640136719 * 4096 

y_t array =  [ 0.91089594+0.j  0.96494281+0.j  0.96854757+0.j  0.96753719+0.j
  0.96672443+0.j  0.96747932+0.j  0.96156791+0.j] 

y_h array =  [ 1.88111928+0.j  1.88050637+0.j  1.88051003+0.j  1.88093649+0.j] 

======================= SANITY CHECK ====================
MatA_even (lhs) =  [[  10601.15532793   13288.0630181     6320.4623077    16243.92170603
    34579.55238208    7525.95341248   19511.01208384]
 [  13288.0630181    17197.91316878    7742.13233892   20960.61213355
    44906.25397931    9717.95096917   25445.79322539]
 [   6320.4623077     7742.13233892    4079.39967972    9424.93405995
    19966.18338517    4466.03433771   11207.31846699]
 [  16243.92170603   20960.61213355    9424.93405995   26374.44914624
    56159.00614805   11641.02096832   31990.60733589]
 [  34579.55238208   44906.25397931   19966.18338517   56159.00614805
   120967.84310549   24874.19220629   69104.82655168]
 [   7525.95341248    9717.95096917    4466.03433771   11641.02096832
    24874.19220629    5927.59267776   13992.91229675]
 [  19511.01208384   25445.79322539   11207.31846699   31990.60733589
    69104.82655168   13992.91229675   40009.10870464]] 

MatC_even (rhs) =  [[  19932.42773511   27939.06487225   10309.92050901   34787.44485383
    76327.40113323   15376.02290837   44442.2838715 ]
 [  25216.96534756   35466.55426332   13002.99184811   44302.88380132
    97656.93032448   19511.97432832   57295.88146802]
 [  11769.66897422   16446.95848306    6129.76905131   20405.81261412
    44610.93904555    9115.62172459   25818.46006855]
 [  30794.48428267   43311.85550891   15890.63374379   54473.35606848
   120029.35503104   23744.32086336   70652.57792619]
 [  65674.531248     92428.21510272   33854.93111936  116252.43095744
   256581.69158912   50679.54665408  151449.34009323]
 [  14282.11935467   20068.03829632    7378.89482283   24921.39963797
    54880.64308139   11153.65744448   32062.70293269]
 [  37065.16937067   52195.56609323   19094.44271061   65789.06974912
   145370.62042709   28582.86593984   86058.61268288]] 

MatA_odd (lhs) =  [[  476120.41566372  1565446.26412544  1503204.65581241   779546.60936654]
 [ 1565446.26412544  5153963.90643029  4949480.50285568  2566278.83340288]
 [ 1503204.65581241  4949480.50285568  4754973.81637433  2464860.4530186 ]
 [  779546.60936654  2566278.83340288  2464860.4530186   1278288.9561002 ]] 

MatC_odd (rhs) =  [[  1753840.65173045   5813140.68164722   5564672.1721216
    2906709.69867463]
 [  5766163.85730475  19117101.70679296  18303156.78354773
    9559025.97741568]
 [  5536883.44827797  18357450.96620145  17576324.27904853
    9179213.80680988]
 [  2871435.37695691   9519874.48160199   9114606.4047232
    4760231.43198748]] 

=========================== END =========================






======================= SETTINGS =======================
L =  64
K =  0.44068679351
h =  0
b =  2
layer =  1
nwarm =  10000
nmeas =  300000
interval =  20
ndata =  15000 

======================== RESULTS ========================
Mean Wolff cluster size =  0.386911951865 * 4096 

y_t array =  [ 0.91733978+0.j  0.97436866+0.j  0.97539829+0.j  0.97604526+0.j
  0.97418185+0.j  0.97463778+0.j  0.97365888+0.j] 

y_h array =  [ 1.88107263+0.j  1.88046144+0.j  1.88046941+0.j  1.88074402+0.j] 

======================= SANITY CHECK ====================
MatA_even (lhs) =  [[  10762.80633003   13519.22150059    6397.8907904    16527.8088064
    35267.36756565    7643.64153088   19947.52241067]
 [  13519.22150059   17517.84389291    7856.1285888    21366.76707413
    45865.20772437    9886.39773269   26049.032768  ]
 [   6397.8907904     7856.1285888     4116.862656      9554.36222933
    20286.6539648     4520.5488832    11408.01349333]
 [  16527.8088064    21366.76707413    9554.36222933   26883.98620267
    57370.5253568    11851.91767787   32760.94962667]
 [  35267.36756565   45865.20772437   20286.6539648    57370.5253568
   123825.47574073   25381.33085767   70904.63595022]
 [   7643.64153088    9886.39773269    4520.5488832    11851.91767787
    25381.33085767    6011.18306126   14320.76679644]
 [  19947.52241067   26049.032768     11408.01349333   32760.94962667
    70904.63595022   14320.76679644   41132.72102222]] 

MatC_even (rhs) =  [[  20326.95456085   28515.54078549   10527.50765568   35429.642432
    77949.71073706   15651.90106027   45399.15494571]
 [  25780.40108544   36282.12938752   13310.95061163   45224.53723733
    99924.01061547   19924.37639253   58619.81136555]
 [  11994.50102613   16762.5300224     6269.73568853   20743.12101333
    45464.98958933    9262.81963733   26311.0099456 ]
 [  31500.5186048    44347.0861184    16265.0037632    55635.15128
   122907.02036266   24305.683664     72348.42643627]
 [  67316.10912313   94839.21114681   34743.97287083  119017.52527289
   263296.5285248    51988.77633209  155403.32955648]
 [  14576.4166326    20497.38220572    7542.88362411   25400.97896711
    56071.83698987   11351.01263324   32764.35256832]
 [  38113.63376356   53734.06121955   19653.55880533   67551.83008889
   149577.89509333   29444.00699556   88533.95588267]] 

MatA_odd (lhs) =  [[  476013.57226318  1565421.44552491  1503587.61619015   779400.63211129]
 [ 1565421.44552491  5154885.83889323  4951735.18375509  2566304.43389227]
 [ 1503587.61619015  4951735.18375509  4758448.65948985  2465573.04855538]
 [  779400.63211129  2566304.43389227  2465573.04855538  1278092.44714489]] 

MatC_odd (rhs) =  [[  1753390.38297639   5813959.66159147   5565844.13385316
    2906614.48701227]
 [  5765898.25774699  19123809.5683712   18310798.60978773
    9560751.71323307]
 [  5538123.48031694  18368852.18720853  17588404.59761351
    9183338.00712107]
 [  2870793.38563431   9521446.758112     9116692.02223289
    4760202.89739733]] 

=========================== END =========================






======================= SETTINGS =======================
L =  64
K =  0.44068679351
h =  0
b =  2
layer =  1
nwarm =  10000
nmeas =  300000
interval =  20
ndata =  15000 

======================== RESULTS ========================
Mean Wolff cluster size =  0.381242234753 * 4096 

y_t array =  [ 0.90917944+0.j  0.96062445+0.j  0.96369680+0.j  0.96624594+0.j
  0.96331412+0.j  0.96419756+0.j  0.96471515+0.j] 

y_h array =  [ 1.88130718+0.j  1.88060721+0.j  1.88063074+0.j  1.88087400+0.j] 

======================= SANITY CHECK ====================
MatA_even (lhs) =  [[  10440.83885056   13084.77830485    6247.76909824   16091.58771541
    34185.97917184    7405.7321216    19322.20118699]
 [  13084.77830485   16947.05748651    7646.72311808   20780.81211136
    44438.04028928    9581.05172053   25223.25277611]
 [   6247.76909824    7646.72311808    4053.57579918    9362.05258965
    19793.45580914    4406.01540196   11128.8416155 ]
 [  16091.58771541   20780.81211136    9362.05258965   26301.76124011
    55912.46036779   11540.0421088    31915.39174976]
 [  34185.97917184   44438.04028928   19793.45580914   55912.46036779
   120242.59232398   24629.06465351   68839.04193692]
 [   7405.7321216     9581.05172053    4406.01540196   11540.0421088
    24629.06465351    5851.34506489   13879.85111076]
 [  19322.20118699   25223.25277611   11128.8416155    31915.39174976
    68839.04193692   13879.85111076   39948.45704526]] 

MatC_even (rhs) =  [[  19607.65587456   27454.29704875   10170.47769941   34187.75753557
    75158.49042261   15098.04812459   43774.38081536]
 [  24796.29224619   34850.34651136   12810.47783936   43551.75375275
    96191.30437376   19158.05316864   56457.18679979]
 [  11632.36341646   16223.18067854    6088.79679232   20124.72252629
    44079.58569401    8986.44437035   25510.73832633]
 [  30513.68508075   42875.03604011   15781.98215211   53945.63792832
   119068.85540971   23506.14441323   70111.39244181]
 [  64892.70248562   91273.51681223   33512.37054379  114869.89188736
   253974.83039303   50024.34592555  149985.95571015]
 [  14041.56778382   19720.75566436    7279.18101547   24498.35475307
    54067.69332302   10965.63442453   31603.64340516]
 [  36729.49447054   51681.53170532   18959.99473109   65181.44621461
   144249.84835705   28299.97619691   85435.96980814]] 

MatA_odd (lhs) =  [[  476810.23869353  1568039.26193237  1505341.96412885   780521.60389525]
 [ 1568039.26193237  5163437.20778411  4957431.59614805  2569963.76299179]
 [ 1505341.96412885  4957431.59614805  4761460.25580203  2467823.49591723]
 [  780521.60389525  2569963.76299179  2467823.49591723  1279606.38729643]] 

MatC_odd (rhs) =  [[  1756610.45854528   5823531.62744334   5575817.60240505
    2911466.28806745]
 [  5776430.05969408  19155128.20208298  18343353.98825642
    9576606.77935616]
 [  5545423.45190571  18389475.20367616  17610596.52795221
    9193865.92659541]
 [  2875361.15079851   9534783.83071403   9130781.76866048
    4766990.26619435]] 

=========================== END =========================






======================= SETTINGS =======================
L =  64
K =  0.44068679351
h =  0
b =  2
layer =  1
nwarm =  10000
nmeas =  300000
interval =  20
ndata =  15000 

======================== RESULTS ========================
Mean Wolff cluster size =  0.389150989163 * 4096 

y_t array =  [ 0.91017182+0.j  0.96372638+0.j  0.96565617+0.j  0.96710991+0.j
  0.96876241+0.j  0.96883835+0.j  0.96894971+0.j] 

y_h array =  [ 1.88072342+0.j  1.88011526+0.j  1.88013833+0.j  1.88056356+0.j] 

======================= SANITY CHECK ====================
MatA_even (lhs) =  [[  10684.67061732   13426.70383516    6362.59728939   16422.89522332
    34979.26254194    7629.02969273   19799.51338325]
 [  13426.70383516   17434.54458873    7804.43907051   21255.97724025
    45568.59741241    9893.06255026   25894.61257557]
 [   6362.59728939    7804.43907051    4101.63790784    9502.12450069
    20132.41943552    4511.99119381   11337.10831957]
 [  16422.89522332   21255.97724025    9502.12450069   26742.62090233
    56985.95470564   11858.24634503   32552.25817429]
 [  34979.26254194   45568.59741241   20132.41943552   56985.95470564
   122820.43246478   25341.73022322   70356.20952405]
 [   7629.02969273    9893.06255026    4511.99119381   11858.24634503
    25341.73022322    6043.14775545   14299.54326528]
 [  19799.51338325   25894.61257557   11337.10831957   32552.25817429
    70356.20952405   14299.54326528   40825.65071531]] 

MatC_even (rhs) =  [[  20079.37340857   28114.00252288   10361.643649     35038.87865344
    76938.90426411   15410.46077241   44868.06898133]
 [  25479.42912007   35798.28325269   13096.73737479   44757.34458368
    98722.18681835   19621.92327922   58009.38278933]
 [  11856.61005163   16549.51033536    6171.64233835   20531.15825835
    44929.07969301    9138.15943211   26028.57238933]
 [  31150.57210162   43784.48868544   16021.27086983   55078.46543872
   121461.00037739   23941.95394887   71597.73049067]
 [  66489.19592732   93513.97478741   34180.81048348  117653.92059904
   259831.56876971   51134.9802661   153582.672768  ]
 [  14463.41696334   20312.88386325    7439.63837518   25249.89985963
    55661.36968896   11233.41300324   32572.602832  ]
 [  37686.08723456   53039.07408896   19366.40078848   66849.79364181
   147755.82448981   28991.85748651   87581.75534933]] 

MatA_odd (lhs) =  [[  476797.9727074   1568239.38473465  1505869.91832932   780736.72555705]
 [ 1568239.38473465  5164842.53254286  4959880.62553486  2571043.7517898 ]
 [ 1505869.91832932  4959880.62553486  4764929.78892686  2469425.19379513]
 [  780736.72555705  2571043.7517898   2469425.19379513  1280344.4601674 ]] 

MatC_odd (rhs) =  [[  1755854.65798183   5820164.09698261   5571242.58220409
    2909838.57637319]
 [  5774864.54092786  19146879.57439659  18331033.46490169
    9572667.81635357]
 [  5545162.84941852  18385693.52857259  17602758.67354169
    9192150.4952229 ]
 [  2875024.99673372   9532224.18819072   9126106.58744035
    4765789.49608903]] 

=========================== END =========================






======================= SETTINGS =======================
L =  64
K =  0.44068679351
h =  0
b =  2
layer =  1
nwarm =  10000
nmeas =  300000
interval =  20
ndata =  15000 

======================== RESULTS ========================
Mean Wolff cluster size =  0.392801049017 * 4096 

y_t array =  [ 0.91791362+0.j  0.97978145+0.j  0.98143541+0.j  0.98291681+0.j
  0.98204212+0.j  0.98186951+0.j  0.98293635+0.j] 

y_h array =  [ 1.88137611+0.j  1.88070067+0.j  1.88072783+0.j  1.88087570+0.j] 

======================= SANITY CHECK ====================
MatA_even (lhs) =  [[  10362.80066667   13030.72768       6182.45376      15965.54570667
    33964.60154667    7405.46426667   19204.0988    ]
 [  13030.72768      16922.78321038    7587.94553116   20683.79708359
    44279.12376149    9600.20633316   25140.28930276]
 [   6182.45376       7587.94553116    4004.9277258     9252.05608505
    19580.54450005    4394.66627698   11012.85884018]
 [  15965.54570667   20683.79708359    9252.05608505   26107.902497
    55564.23882581   11523.31112391   31724.43651271]
 [  33964.60154667   44279.12376149   19580.54450005   55564.23882581
   119617.86200149   24601.1963776    68496.29508053]
 [   7405.46426667    9600.20633316    4394.66627698   11523.31112391
    24601.1963776     5884.14429156   13867.77254756]
 [  19204.0988       25140.28930276   11012.85884018   31724.43651271
    68496.29508053   13867.77254756   39742.38071289]] 

MatC_even (rhs) =  [[  19579.27816      27466.24770667   10133.53917333   34165.22517333
    75097.61229333   15100.8808       43818.3112    ]
 [  24894.39680228   35031.76040732   12847.75338724   43709.17084217
    96506.35266503   19257.06562844   56728.01466311]
 [  11572.34866802   16177.30224185    6036.781407     20038.68848754
    43873.01529486    8960.81861689   25436.10633956]
 [  30497.79158727   42925.61252153   15749.27779015   53907.80290162
   118999.95791331   23529.34870756   70190.30461156]
 [  64996.97079339   91560.46534955   33529.17281835  115009.66840661
   254264.99830059   50196.17051733  150396.47421867]
 [  14129.14192142   19866.47433458    7306.65768036   24639.76038969
    54373.87633564   11032.57681778   31821.67889778]
 [  36812.48928462   51886.56968071   18978.35448782   65289.70969316
   144473.99493084   28422.65025778   85704.96001778]] 

MatA_odd (lhs) =  [[  479161.39865593  1575391.05322681  1512976.9333514    784346.05064917]
 [ 1575391.05322681  5186441.99833572  4981423.00634254  2581974.72268032]
 [ 1512976.9333514   4981423.00634254  4786326.10118286  2480315.42861397]
 [  784346.05064917  2581974.72268032  2480315.42861397  1285876.08973397]] 

MatC_odd (rhs) =  [[  1765356.68458539   5852455.57012323   5602686.40800469
    2926249.57906745]
 [  5803810.48079189  19245724.01811086  18427417.72043861
    9622930.1456731 ]
 [  5573838.63774379  18483575.1858395   17698162.68002389
    9241866.19947065]
 [  2889587.29203712   9581855.75252395   9174498.80610389
    4791025.47506176]] 

=========================== END =========================






======================= SETTINGS =======================
L =  64
K =  0.44068679351
h =  0
b =  2
layer =  1
nwarm =  10000
nmeas =  300000
interval =  20
ndata =  15000 

======================== RESULTS ========================
Mean Wolff cluster size =  0.384835842994 * 4096 

y_t array =  [ 0.90585825+0.j  0.95375984+0.j  0.95434599+0.j  0.95715240+0.j
  0.95738729+0.j  0.95748619+0.j  0.95852623+0.j] 

y_h array =  [ 1.88074700+0.j  1.88022174+0.j  1.88019650+0.j  1.88062354+0.j] 

======================= SANITY CHECK ====================
MatA_even (lhs) =  [[  10627.44811492   13330.08194844    6344.28608341   16327.36654734
    34781.30975787    7557.5002678    19645.85294564]
 [  13330.08194844   17255.01368889    7779.71677867   21074.39827911
    45166.01354667    9775.63252622   25620.21242311]
 [   6344.28608341    7779.71677867    4094.96986624    9488.19773269
    20121.7547136     4480.85214208   11305.60751957]
 [  16327.36654734   21074.39827911    9488.19773269   26552.15668793
    56574.22540373   11736.42132423   32259.70443492]
 [  34781.30975787   45166.01354667   20121.7547136    56574.22540373
   121895.82057067   25096.08970453   69698.69604693]
 [   7557.5002678     9775.63252622    4480.85214208   11736.42132423
    25096.08970453    5962.37624292   14138.02149319]
 [  19645.85294564   25620.21242311   11305.60751957   32259.70443492
    69698.69604693   14138.02149319   40366.8300618 ]] 

MatC_even (rhs) =  [[  19912.21164146   27947.54153458   10279.92069874   34830.12427691
    76535.13965155   15422.5532598    44659.57733575]
 [  25176.74070756   35455.57614222   12941.35743289   44338.33220267
    97871.68124444   19559.35945956   57544.79591822]
 [  11819.55806037   16527.85249707    6156.71988821   20518.99194539
    44923.93602133    9178.38498475   26045.86440192]
 [  30847.818335     43442.68585671   15877.04667676   54656.78711808
   120615.66518755   23898.74938823   71142.25384732]
 [  65797.7408256    92745.68678934   33823.68522987  116711.6025408
   257915.94018666   51027.55887787  152545.86432214]
 [  14266.63398457   20081.69669902    7347.22078052   24971.79898624
    55110.55654044   11191.95510158   32279.1913162 ]
 [  37219.63429148   52487.23827484   19132.98097266   66168.42597205
   146356.79771022   28859.15220252   86815.6287397 ]] 

MatA_odd (lhs) =  [[  477645.52631637  1571019.05234432  1508437.60328192   782035.23179435]
 [ 1571019.05234432  5173951.18668345  4968341.82671758  2575311.79682588]
 [ 1508437.60328192  4968341.82671758  4772747.41742905  2473372.09673842]
 [  782035.23179435  2575311.79682588  2473372.09673842  1282331.77753145]] 

MatC_odd (rhs) =  [[  1759004.59891243   5830169.63249664   5581269.03006208
    2915030.44953685]
 [  5785240.24628608  19179990.23849756  18364104.41727886
    9589776.35195705]
 [  5554780.28362048  18416430.73808583  17633540.38486073
    9208024.67377252]
 [  2879878.43634859   9547641.8949211    9141576.73019847
    4773777.91997895]] 

=========================== END =========================






======================= SETTINGS =======================
L =  64
K =  0.44068679351
h =  0
b =  2
layer =  1
nwarm =  10000
nmeas =  300000
interval =  20
ndata =  15000 

======================== RESULTS ========================
Mean Wolff cluster size =  0.382754095262 * 4096 

y_t array =  [ 0.90877688+0.j  0.95810399+0.j  0.95850663+0.j  0.96088809+0.j
  0.95410156+0.j  0.95486768+0.j  0.95181449+0.j] 

y_h array =  [ 1.88121614+0.j  1.88058958+0.j  1.88061124+0.j  1.88103957+0.j] 

======================= SANITY CHECK ====================
MatA_even (lhs) =  [[  10534.81853156   13238.65938773    6266.67871004   16209.02932764
    34511.56518827    7484.19569778   19525.26518044]
 [  13238.65938773   17193.22894336    7695.48777131   20982.18338475
    44956.43631104    9711.20311467   25542.6953984 ]
 [   6266.67871004    7695.48777131    4040.13666958    9387.39324814
    19894.58196096    4424.79670756   11204.20554382]
 [  16209.02932764   20982.18338475    9387.39324814   26450.14364046
    56316.48309845   11644.11743289   32168.13113742]
 [  34511.56518827   44956.43631104   19894.58196096   56316.48309845
   121285.52261056   24906.67373867   69461.55920427]
 [   7484.19569778    9711.20311467    4424.79670756   11644.11743289
    24906.67373867    5917.02595556   14053.57827556]
 [  19525.26518044   25542.6953984    11204.20554382   32168.13113742
    69461.55920427   14053.57827556   40300.98098489]] 

MatC_even (rhs) =  [[  19778.6278272    27767.29622756   10206.55028907   34606.28964978
    76092.21765404   15265.50405973   44343.8498048 ]
 [  25072.52145835   35328.0301568    12891.94805589   44181.7850368
    97590.91021824   19419.58912683   57309.55580245]
 [  11697.02489899   16354.27786098    6087.59521877   20293.89275876
    44469.34056931    9055.09089451   25753.88008021]
 [  30697.43985237   43253.59902151   15797.92621568   54449.07983929
   120228.74240227   23719.80430848   70840.93177003]
 [  65388.73690219   92226.80198187   33600.16089984  116117.95936853
   256810.81792469   50554.17146624  151725.67186901]
 [  14189.893024     19973.43228444    7309.283008     24831.89432889
    54805.42305422   11091.001088     32041.550016  ]
 [  37009.66103253   52244.30063645   18997.20891307   65907.28108089
   145915.88699449   28607.84065707   86468.45931947]] 

MatA_odd (lhs) =  [[  476942.7996642   1568460.33944619  1505968.20933931   780715.11085223]
 [ 1568460.33944619  5164716.50446336  4959474.82886485  2570582.63913216]
 [ 1505968.20933931  4959474.82886485  4764252.22940331  2468823.65698645]
 [  780715.11085223  2570582.63913216  2468823.65698645  1279903.98246052]] 

MatC_odd (rhs) =  [[  1756987.95547324   5823926.54784917   5575500.03649756
    2911887.23389276]
 [  5777649.4585984   19156162.82982912  18342139.13314816
    9577880.61511509]
 [  5547413.34384213  18393264.12649984  17612183.16203179
    9196428.82241365]
 [  2875923.54615929   9535224.90015872   9130095.61495652
    4767568.35774478]] 

=========================== END =========================






