================== SETTINGS ==================
L =  8 

K =  0.44068679351 

h =  0 

b =  2 

nwarm =  10000 

nmeas =  200000 

interval =  5 

ndata =  40000 

================== RESULTS ===================
avg cluster size =  0.6446875 * 64 

MatA_even (lhs) =  [[  69.31798511   80.55818706   45.54087854   84.7472572   177.08927896
    51.85432946   92.28639878]
 [  80.55818706   99.44951676   51.03582084  102.3560712   219.17582416
    63.03334716  115.26139988]
 [  45.54087854   51.03582084   33.81861756   53.6412408   110.51373744
    35.05909444   56.90750892]
 [  84.7472572   102.3560712    53.6412408   112.664944    230.4682592
    65.4741192   120.2821656 ]
 [ 177.08927896  219.17582416  110.51373744  230.4682592   502.57528256
   135.73055056  265.58602608]
 [  51.85432946   63.03334716   35.05909444   65.4741192   135.73055056
    47.16159356   70.17567508]
 [  92.28639878  115.26139988   56.90750892  120.2821656   265.58602608
    70.17567508  149.46556444]] 

MatC_even (rhs) =  [[  127.86481582   176.90772788    67.19549892   211.9199902    459.01562666
     99.31830564   256.12325103]
 [  150.72159172   210.08005848    78.49173432   252.5929892    552.33965836
    117.52538744   312.77720338]
 [   83.29151548   114.43758632    44.49954888   136.0352028    292.65889524
     65.79986696   161.23266542]
 [  157.5886264    219.1992976     82.4162384    265.963704     578.7054632
    122.3917328    326.7343356 ]
 [  331.26779952   462.29102368   172.24094112   559.7287472   1225.63784976
    257.35846304   699.23213208]
 [   96.81898052   134.42807768    50.85782712   160.6833572    349.58155276
     77.13632504   195.54191858]
 [  172.78254636   241.66519624    89.53367016   292.7265996    642.78096068
    134.26674472   369.09023494]] 

MatA_odd (lhs) =  [[  194.63110708   674.16481816   661.64671168   336.86360698]
 [  674.16481816  2456.42127104  2419.86036992  1223.4653144 ]
 [  661.64671168  2419.86036992  2408.46063616  1210.5518912 ]
 [  336.86360698  1223.4653144   1210.5518912    616.87552775]] 

MatC_odd (rhs) =  [[  714.26900126  2391.92866075  2307.22109509  1195.78979888]
 [ 2468.67886808  8357.376248    8115.36593696  4178.65230544]
 [ 2422.33278784  8208.347904    7978.25201408  4104.38842112]
 [ 1234.26112317  4176.2092675   4055.7570781   2088.97267965]] 

y_t array =  [ 0.88331771+0.j  0.95461914+0.j  0.95601869+0.j  0.94925830+0.j
  0.94494783+0.j  0.94477243+0.j  0.93989538+0.j] 

y_h array =  [ 1.87572520+0.j  1.87825443+0.j  1.87838241+0.j  1.87878814+0.j] 

