======================= SETTINGS =======================
L =  16
K =  0.4406867935097715
h =  0
b =  2
layer =  2
nwarm =  1000
nmeas =  3000
interval =  10
ndata =  300 

======================== RESULTS ========================
Mean Wolff cluster size =  0.54322265625 * 256 

y_t array =  [0.95505475+0.j 1.04755536+0.j 1.04489871+0.j 1.03814004+0.j
 1.04891762+0.j 1.04611944+0.j 1.10188929+0.j] 

y_h array =  [1.86865779+0.j 1.86874551+0.j 1.87073746+0.j 1.87070226+0.j] 

======================= SANITY CHECK ====================
MatA_even (lhs) =  [[ 67.78222222  77.24977778  41.35822222  75.50577778 170.64533333
   46.41244444  87.99466667]
 [ 77.24977778  96.70328889  45.34897778  91.30382222 210.49173333
   57.65048889 109.4976    ]
 [ 41.35822222  45.34897778  29.58648889  45.16124444  98.90986667
   30.33457778  50.65813333]
 [ 75.50577778  91.30382222  45.16124444  94.53795556 206.40426667
   56.77795556 107.57973333]
 [170.64533333 210.49173333  98.90986667 206.40426667 479.67573333
  122.35093333 249.54026667]
 [ 46.41244444  57.65048889  30.33457778  56.77795556 122.35093333
   41.68462222  62.93973333]
 [ 87.99466667 109.4976      50.65813333 107.57973333 249.54026667
   62.93973333 139.16373333]] 

MatC_even (rhs) =  [[ 131.40622222  169.23644444   74.03111111  212.00177778  448.16
    88.38222222  254.01866667]
 [ 157.18257778  202.62862222   88.63822222  251.15235556  538.176
   105.91644444  312.01173333]
 [  79.73262222  102.45831111   44.89244444  126.63751111  266.79466667
    55.97155556  148.29653333]
 [ 150.35164444  194.57848889   85.11288889  243.45742222  523.69066667
   100.99911111  302.51093333]
 [ 343.47946667  444.49706667  194.06933333  553.1648     1189.696
   231.33866667  693.8624    ]
 [  94.35164444  122.49848889   53.40622222  151.24408889  324.97066667
    66.59911111  185.52426667]
 [ 181.2992      232.95893333  103.13066667  287.40053333  618.09066667
   121.888       360.98026667]] 

MatA_odd (lhs) =  [[ 192.52493333  654.7216      641.35146667  327.82213333]
 [ 654.7216     2347.6416     2309.85813333 1169.41546667]
 [ 641.35146667 2309.85813333 2297.14773333 1155.41973333]
 [ 327.82213333 1169.41546667 1155.41973333  591.73173333]] 

MatC_odd (rhs) =  [[ 703.08693333 2325.5168     2234.18506667 1160.24266667]
 [2390.76693333 8000.29013333 7729.7984     3993.80266667]
 [2340.1408     7842.1504     7584.7552     3916.928     ]
 [1196.09813333 3996.9024     3864.50453333 1997.968     ]] 







======================= SETTINGS =======================
L =  32
K =  0.4406867935097715
h =  0
b =  2
layer =  2
nwarm =  1000
nmeas =  3000
interval =  10
ndata =  300 

======================== RESULTS ========================
Mean Wolff cluster size =  0.45076171875 * 1024 

y_t array =  [0.95922958+0.j 1.01812013+0.j 1.03565899+0.j 1.03140645+0.j
 1.05940379+0.j 1.05795627+0.j 1.08383931+0.j] 

y_h array =  [1.87320003+0.j 1.87377242+0.j 1.8732764 +0.j 1.87334792+0.j] 

======================= SANITY CHECK ====================
MatA_even (lhs) =  [[ 475.90595556  578.81031111  304.13653333  667.1392     1402.30773333
   346.88995556  761.6848    ]
 [ 578.81031111  730.98382222  359.30026667  843.6416     1792.2112
   433.02897778  976.0704    ]
 [ 304.13653333  359.30026667  211.75893333  410.12693333  850.8352
   220.32853333  455.02506667]
 [ 667.1392      843.6416      410.12693333 1019.85493333 2139.59786667
   492.63786667 1165.5904    ]
 [1402.30773333 1792.2112      850.8352     2139.59786667 4572.3184
  1038.1184     2503.06613333]
 [ 346.88995556  433.02897778  220.32853333  492.63786667 1038.1184
   280.82062222  563.74613333]
 [ 761.6848      976.0704      455.02506667 1165.5904     2503.06613333
   563.74613333 1399.0576    ]] 

MatC_even (rhs) =  [[  925.29031111  1250.16444444   496.92604444  1576.35324444
   3356.98773333   693.72355556  1918.48924444]
 [ 1139.83715556  1545.95555556   609.92568889  1952.93795556
   4186.2912       862.48177778  2413.06595556]
 [  579.9936       780.16         315.8528       987.48373333
   2085.12853333   437.344       1177.74506667]
 [ 1314.30826667  1783.33333333   702.82346667  2271.27573333
   4872.42453333   987.29066667  2830.57706667]
 [ 2796.23786667  3795.72        1498.8976      4821.3968
  10358.86506667  2124.27466667  6017.8528    ]
 [  675.90897778   916.33777778   361.88871111  1150.38791111
   2456.30506667   520.32355556  1405.73724444]
 [ 1534.01706667  2075.77333333   819.44586667  2626.09226667
   5653.02613333  1158.48266667  3284.56426667]] 

MatA_odd (lhs) =  [[ 2608.45062222  8779.23982222  8503.25333333  4372.88097778]
 [ 8779.23982222 30035.18862222 29145.6        14947.58257778]
 [ 8503.25333333 29145.6        28398.50666667 14526.82666667]
 [ 4372.88097778 14947.58257778 14526.82666667  7466.01582222]] 

MatC_odd (rhs) =  [[  9555.90924444  31550.76266667  30411.53955556  15697.59191111]
 [ 32153.28497778 106500.43733333 102901.51822222  53023.80231111]
 [ 31149.54666667 103239.04        99781.12        51404.90666667]
 [ 16015.10595556  53030.31466667  51234.55644444  26404.48728889]] 







======================= SETTINGS =======================
L =  32
K =  0.4406867935097715
h =  0
b =  2
layer =  3
nwarm =  1000
nmeas =  3000
interval =  10
ndata =  300 

======================== RESULTS ========================
Mean Wolff cluster size =  0.48571533203125 * 1024 

y_t array =  [0.92830048+0.j         0.886434  +0.j         0.87718697+0.j
 0.56461544+0.j         0.5774606 +0.53279205j 0.61892654+0.55515945j
 0.60982492+0.5717604j ] 

y_h array =  [1.86272691+0.j 1.86338722+0.j 1.86219423+0.j 1.86101105+0.j] 

======================= SANITY CHECK ====================
MatA_even (lhs) =  [[ 68.83982222  77.57013333  48.28657778  80.50631111 177.69386667
   48.85191111  95.90613333]
 [ 77.57013333  92.95573333  53.1584      95.14026667 212.62293333
   58.58773333 115.64373333]
 [ 48.28657778  53.1584      37.44995556  54.54648889 119.8336
   34.82595556  63.41973333]
 [ 80.50631111  95.14026667  54.54648889 103.89262222 223.1744
   60.74382222 121.41226667]
 [177.69386667 212.62293333 119.8336     223.1744     505.1584
  129.12426667 274.8416    ]
 [ 48.85191111  58.58773333  34.82595556  60.74382222 129.12426667
   42.70862222  69.2224    ]
 [ 95.90613333 115.64373333  63.41973333 121.41226667 274.8416
   69.2224     155.2384    ]] 

MatC_even (rhs) =  [[ 131.00444444  167.90684444   72.18133333  212.03697778  445.24515556
    89.78986667  253.89582222]
 [ 146.32        190.9632       79.37066667  241.3856      513.2928
   101.36426667  297.5648    ]
 [  92.30222222  116.83342222   52.27733333  145.61848889  304.70257778
    63.3216      171.56124444]
 [ 149.18222222  194.96035556   81.74933333  249.70062222  531.77031111
   104.2464      308.77831111]
 [ 329.73333333  431.5328      179.24266667  552.23573333 1177.3312
   227.29706667  685.11253333]
 [  91.74222222  119.09475556   50.51733333  149.38915556  319.82791111
    64.79893333  183.88657778]
 [ 177.70666667  233.80053333   96.49066667  299.20426667  638.6688
   122.43626667  373.47413333]] 

MatA_odd (lhs) =  [[ 196.91093333  683.6992      673.504       342.86506667]
 [ 683.6992     2496.04195556 2468.07466667 1246.34168889]
 [ 673.504      2468.07466667 2458.66666667 1235.34933333]
 [ 342.86506667 1246.34168889 1235.34933333  628.86115556]] 

MatC_odd (rhs) =  [[ 716.15413333 2357.68533333 2292.9024     1174.56533333]
 [2485.67804444 8274.49955556 8086.16746667 4124.82844444]
 [2449.552      8153.70666667 7980.94933333 4065.6       ]
 [1248.03164444 4152.27022222 4060.65493333 2070.97244444]] 







======================= SETTINGS =======================
L =  64
K =  0.4406867935097715
h =  0
b =  2
layer =  4
nwarm =  1000
nmeas =  3000
interval =  10
ndata =  300 

======================== RESULTS ========================
Mean Wolff cluster size =  0.3619793701171875 * 4096 

y_t array =  [1.11660682+0.j 1.1504256 +0.j 1.15539106+0.j 1.20245065+0.j
 1.24172484+0.j 1.24282077+0.j 1.27282256+0.j] 

y_h array =  [1.87301738+0.j 1.87185447+0.j 1.87121178+0.j 1.87106099+0.j] 

======================= SANITY CHECK ====================
MatA_even (lhs) =  [[ 64.99893333  75.77333333  42.30453333  79.34933333 169.2256
   49.1168      85.26506667]
 [ 75.77333333  93.24        47.50666667  95.94666667 208.4
   59.01333333 106.98666667]
 [ 42.30453333  47.50666667  31.51128889  50.05866667 104.2912
   32.98026667  52.8768    ]
 [ 79.34933333  95.94666667  50.05866667 104.74666667 217.32266667
   61.67466667 108.544     ]
 [169.2256     208.4        104.2912     217.32266667 480.71893333
  127.17013333 248.25173333]
 [ 49.1168      59.01333333  32.98026667  61.67466667 127.17013333
   43.5904      63.1552    ]
 [ 85.26506667 106.98666667  52.8768     108.544      248.25173333
   63.1552     136.00426667]] 

MatC_even (rhs) =  [[ 140.94133333  180.7296       79.66506667  213.81226667  458.51253333
   103.43573333  254.43306667]
 [ 166.12        214.77333333   93.70666667  254.37333333  551.8
   121.41333333  310.05333333]
 [  90.43822222  115.29031111   51.86346667  137.18008889  288.7184
    68.26702222  158.6528    ]
 [ 175.30666667  225.64266667   99.05066667  267.24266667  578.16533333
   127.424       324.01066667]
 [ 374.23466667  483.82293333  211.34506667  574.79893333 1246.12586667
   271.40906667  703.0464    ]
 [ 109.15733333  138.72213333   62.8352      164.61013333  354.48426667
    81.32053333  195.64586667]
 [ 189.20533333  245.52106667  108.27093333  293.7984      636.32213333
   137.4336      361.26293333]] 

MatA_odd (lhs) =  [[ 202.87182222  724.43448889  712.90666667  360.60657778]
 [ 724.43448889 2695.51715556 2658.93333333 1338.49457778]
 [ 712.90666667 2658.93333333 2650.08       1332.05333333]
 [ 360.60657778 1338.49457778 1332.05333333  674.22862222]] 

MatC_odd (rhs) =  [[ 743.1152     2493.56088889 2432.65493333 1238.42844444]
 [2654.68053333 9013.82755556 8842.7776     4483.49511111]
 [2613.36       8878.24       8720.64       4420.        ]
 [1321.27893333 4477.66044444 4399.03146667 2230.20088889]] 







